Model: LSTM
MSE: 1.40511192521549
MAE: 0.5547158839338917
Predictions:
40.634174
40.634174
40.634174
40.634174
40.634174
40.634174
40.634174
40.634174
40.634174
40.634174
40.634174
40.634174
40.634174
40.634174
40.634174
40.634174
40.634174
40.634174
40.634174
40.634174
40.634174
40.634174
40.634174
40.634174
40.634174
40.634174
40.634174
40.634174
40.634174
40.634174
45.85972
46.523987
46.523987
46.523987
46.523987
46.523987
46.523987
46.523987
46.523987
46.523987
46.523987
49.32676
49.20961
49.20961
49.20961
49.20961
46.17561
49.32676
49.20961
49.20961
49.20961
49.20961
49.20961
49.20961
49.20961
49.20961
49.20961
49.20961
49.20961