Model: LSTM
MSE: 8.475225006386939
MAE: 1.2699604901400479
Predictions:
63.90249
61.376522
57.45857
57.027657
56.881462
58.980217
59.38849
61.300137
62.018833
61.99341
62.28554
62.28554
62.28554
62.28554
62.28554
62.28554
62.28554
62.28554
62.28554
62.28554
62.28554
62.28554
62.28554
62.28554
62.28554
62.28554
62.28554
62.28554
62.28554
62.28554
57.9912
57.057415
57.08918
56.85891
56.85891
56.85891
58.980217
59.38849
59.472775
59.590527
59.590527
59.590527
59.590527
59.590527
68.726906
72.01773
74.982796
77.868454
77.868454
77.868454
77.868454
77.868454
77.868454
77.868454
77.868454
79.30538
80.00506
80.62533
81.15309
76.61369
75.12219
73.29187
71.70526
71.70526
71.70526
71.70526
71.70526
71.70526
70.18189
69.68133
69.111565
68.63556
68.63556
68.63556
68.63556
68.63556
68.63556
68.63556
68.63556
68.63556
68.63556
68.63556
68.63556
68.63556
68.63556
68.63556
68.63556
68.63556