Model: PROPHET
MSE: 41.44917704836651
MAE: 4.961376750625363
Predictions:
34.768062793933986
34.602003600630475
34.95758962489232
35.117586164647925
35.42084162392791
36.50547643441957
36.16654688666053
36.22720245360533
36.10753367724847
36.526647818585104
36.768556409941525
37.172155053394164
38.374327130155756
38.16757116309202
38.37117342509567
38.40012409309722
38.96731351891648
39.34959025262152
39.87795683170334
41.18092895210875
41.042450164598016
41.27337476331962
41.28070718407751
41.770123755390436
42.01234730503426
42.33363945773449
43.35942538672495
42.872432998589595
42.684350093409414
42.205180054972814
42.14581579890444
41.78439825191514
41.45672203623183
41.79970314884775
40.60929288305908
39.711846026809766
38.53313052224374
37.80050692477078
36.808854304652435
35.91051711374554
35.75830080193022
34.16291419776257
32.96388082151312
31.598120390557195
30.801742441882368
29.875641387848944
29.17517888317009
29.352990953169048
28.21632554646168
27.597938039020086
26.924748810816578
26.91980504643775
26.868133607934315
27.10676571525099
28.267963167013313
28.137041650903612
28.52380641371603
28.831790332110007
29.76082101262683
30.573487231779424
31.585768365029963