Model: LSTM
MSE: 10.106717358510334
MAE: 2.2597143200860508
Predictions:
59.532078
59.532078
59.532078
59.532078
59.532078
59.532078
59.532078
59.532078
59.532078
59.532078
59.532078
62.714428
63.96062
65.14984
66.48764
67.84831
67.84831
67.84831
67.84831
67.84831
67.84831
67.84831
67.84831
67.84831
64.41435
68.16591
68.64639
68.678474
67.907684
67.08605
66.00719
63.353153
61.621807
59.474644
58.83933
57.58974
59.155636
58.93334
59.07818
59.074337
59.392525
59.15985
59.083767
59.222046
54.37262
52.644382
51.445415
52.601513
52.457695
54.533928
55.422558
58.41795
52.243584
55.48098
59.266693
60.79752
60.18739
61.378033
59.61894
61.460278
60.527496
61.148064
61.070217
62.867573
62.17907
63.687702
63.08049
64.15376
65.22017
65.948105
64.25021
64.46183
64.23754
62.028576
57.241516
57.60398
57.128483
58.220367
55.173
60.01083
58.000454
54.102253
54.222446
54.21153
51.609657
49.230988
48.34541
47.644566
47.22798
48.81352
49.302002
49.722553
49.988056
50.178677
51.870895
52.457695
51.233776
50.905403
50.632484
50.35695
50.178677
50.178677
50.178677
48.474854
47.9183
47.492645
45.4725
44.812443
47.991135
48.649937
49.260574
49.770702
53.517982
53.057133
53.31037
55.08032
52.540924
51.476856
50.855328
48.774418
47.059654
45.502373
50.055325
51.045086
52.085613
52.78691
52.560764
53.075485
53.165222
53.254616
54.11345
56.093567
56.834663
53.305656
56.33548
57.9887
58.497482
58.946537
60.082867
60.445625
60.65483
60.874775
60.874775
60.874775
59.709435
59.225876
58.858932
57.695995
57.10626
59.497093
57.799923
57.32233
53.66325
52.36921
51.064106
52.328117
54.10419
55.150455
55.815777
56.307827
56.614174
56.614174
58.015404
57.12825
56.982693
56.911526
56.93908
56.614174
58.015404
59.53457
60.265606
59.911137
61.380703
61.947174
61.80707
61.76947
62.22019
62.22019
61.10276
60.69487
60.393944
59.981956
59.532078
59.532078
59.532078
59.532078
59.532078
59.532078
59.532078
59.532078
60.633022
61.04134
61.354065
61.76947
62.22019
62.22019
62.22019
62.22019
62.22019
62.22019
59.61894
58.600674
57.846275
57.273582
56.614174
56.614174
56.614174