Model: TRANSFORMER
MSE: 0.22840123709342522
MAE: 0.47791342007911813
Predictions:
41.102913
41.102913
41.102913
41.102913
41.102913
41.102913
41.102913
41.102913
41.102913
41.102913
41.102913
41.102913
41.102913
41.102913
41.102913
41.102913
41.102917
41.102913
41.102913
41.102913
41.102913
41.102913
41.102913
41.102913
41.102913
41.102917
41.102913
41.102913
41.102913
41.102913
41.102917
41.102917
41.102913
41.102913
41.102913
41.102913
41.102913
41.102913
41.102913
41.102913
41.102913
41.102913
41.102917
41.102913
41.102913
41.102913
41.102913
41.102913
41.102913
41.102913
41.102913
41.102917
41.102913
41.102913
41.102913
41.102913
41.102917
41.102917
41.102913