Model: LSTM
MSE: 8.363346829198527
MAE: 1.418595368007444
Predictions:
28.028341
28.028341
28.028341
28.028341
28.028341
28.028341
28.028341
28.028341
28.028341
32.65083
33.896847
34.337406
25.423178
26.586115
22.215601
19.76243
19.226692
18.899393
27.578875
28.971992
30.411785
31.266003
26.104025
28.271147
27.535406
27.582157
30.339804
30.995247
31.438255
31.266003
33.822212
34.123375
34.172733
34.100986
34.100986
28.325142
28.92029
27.68083
28.028341
28.028341
28.028341
28.028341
28.028341
28.028341
28.028341
28.028341
28.028341
28.028341
28.028341
28.028341
28.028341
28.028341
28.028341