Model: RF
MSE: 1.2099751596664792
MAE: 0.23995636056550962
Predictions:
11.917007529320571
20.29130756192337
20.29130756192337
20.29130756192337
20.29130756192337
20.29130756192337
20.29130756192337
20.29130756192337
20.29130756192337
20.29130756192337
20.29130756192337
20.29130756192337
20.29130756192337
20.29130756192337
20.29130756192337
20.29130756192337
20.29130756192337
20.29130756192337
20.29130756192337
20.29130756192337
20.29130756192337
20.29130756192337
20.29130756192337
20.29130756192337
20.29130756192337
20.29130756192337
20.29130756192337
20.29130756192337
20.29130756192337
20.29130756192337
20.29130756192337
20.29130756192337
20.29130756192337
20.29130756192337
20.29130756192337
20.29130756192337
20.29130756192337
20.29130756192337
20.29130756192337
20.29130756192337
20.29130756192337
20.29130756192337
20.29130756192337
22.085514618033237
22.085514618033237
22.085514618033237
22.085514618033237
22.085514618033237
22.085514618033237
22.085514618033237
22.085514618033237
22.085514618033237
22.085514618033237
22.085514618033237
22.085514618033237
22.085514618033237
22.085514618033237
22.085514618033237
22.085514618033237
22.085514618033237
22.085514618033237