Model: PROPHET
MSE: 408.5302626001089
MAE: 17.77309748157413
Predictions:
30.98740913404973
30.9885965939412
31.185682252559754
31.177820213760967
31.37485915420631
31.620612624212185
31.54481453667431
31.211175367925
30.63442052355041
30.153139521857838
29.37335199330471
28.71499610276998
28.035147779113867
26.979835094080148
25.631862966197307
24.027531770108233
22.529083131240483
20.767785986755243
19.189877945151157
17.679181915674313
15.908275853287721
13.985645911116578
11.97172295342985
10.250652938374536
8.472731904314891
7.099738211711248
6.026999131877854
4.934085783168996
3.931581444910954
3.0768360994613744
2.7455683817740244
2.5742537766649676
3.0055369815683832
3.910507742914074
4.939733200625774
6.170487568919466
7.623084594995934
9.633163472820598
11.79485365216891
14.507040437077348
17.59655238153922
20.670143351909324
23.76268852164326
26.854477291500952
30.24443102035106
33.494148432176345
36.974978800798624
40.49192346250837
43.63621993242841
46.434011649444486
48.86397289192104
51.23070646169299
53.10881017584063
54.88980911932737
56.40575486473754
57.28135042827812
57.58201225606972
57.33075067101809
56.880701636962
55.858224175961084
54.70878131272249
53.319428817403534
51.36979518719684
48.97898985681396
46.22134717833913
43.497864926336646
40.478276729018155
37.64599992302942
34.91980471199932
32.00410713560363
29.035338896408057
26.0973142380033
23.592461566944376
21.183864216601286
19.34035278281892
17.958491751064244
16.713355741834782
15.70553739298542
14.977292460445094
14.884671986436853
15.040565289572477
15.860873261022073
17.187629991858536
18.64094220973135
20.26716216140634
22.056173238272557
24.314612633501667
26.609930554386118
29.31748314203449
32.24445721079773
34.98247924939049
37.55631054469811
39.94149751206179
42.43779508163491
44.61326011720579
46.851213386298426
48.97387339941284
50.59452343708343
51.7656259175325
52.495768558119735
53.12227821854667
53.25441963979605
53.31939951644979
53.18500226793151
52.51074243074228
51.394971404863256
49.89084599546912
48.37801648643259
46.50497165916733
44.73427928388073
42.964564027494916
40.881120436250725
38.60260836438256
36.19674465728183
34.051851833020656
31.81920082108889
29.95838264973355
28.359544271788824
26.694376551334532
25.06328957062412
23.511674640491922
22.40209753192564
21.357342407451924
20.806522882874308
20.608076550172157
20.40151221027062
20.255326754311394
20.183973852800058
20.52071314884791
20.86124537585473
21.610337839365005
22.6052469153001
23.46779962330888
24.25254662103953
24.96386681973621
25.928852960063384
26.740886712612568
27.806113225867414
28.96662937637955
29.852257232496513
30.52832607061351
31.012355336235238
31.64648091651939
32.04054677852945
32.61808547313665
33.2390150589248
33.55093663405789
33.63646755122027
33.52951322227354
33.58732893354315
33.43330112944333
33.50267727894078
33.665075620233516
33.57566080996708
33.32242051230979
32.942443992889174
32.794050619078725
32.49969269441669
32.49185540451626
32.63577775944394
32.580872330523526
32.40827004049382
32.14738202280969
32.148317403222414
32.02507264620713
32.20170696771866
32.53532015339291
32.66770395617692
32.67308778695899
32.57486636615591
32.718145117769865
32.713017190393984
32.98078615828486
33.37695155969688
33.542830450814165
33.55323876590976
33.43312415930739
33.5299908832135
33.45703594037809
33.63921630656219
33.936070310408184
33.993172269765566
33.88964989647394
33.65466149042744
33.63967828784667
33.46149534421343
33.54819411033263
33.76188229499957
33.750091713421234
33.593264310209605
33.32122314552419
33.28547261172768
33.1022493688389
33.19854456625929
33.434919769764356
33.45699366693694
33.3430258053056
33.12049005774575
33.13847797894625
33.010849574546434
33.16234835708452
33.451499812240826
33.52216755684869
33.451191241616876
33.26499734510569
33.31202216702516
33.20586439179937
33.37138463954644
33.667572327338185
33.73905591953995
33.66368293528666
33.469063596567494