Model: PROPHET
MSE: 325.5876396392838
MAE: 17.33740557035225
Predictions:
61.5705006121196
62.3218351991098
61.87793969747131
61.48948722938756
60.86278917340924
60.963916792348904
61.67219205763091
61.46627438993032
62.13449830615696
61.630640245770216
61.20632909129942
60.56808659223934
60.681461555854
61.424552857890326
61.27414687796189
62.01612274935626
61.601301657377
61.27795228243477
60.74893586701567
60.9759518052254
61.8331756906305
61.79351224342979
62.63911334368608
62.31733434838921
62.073337921257895
61.60732625278119
61.87886030192114
62.76055612114991
62.724379252941795
63.55218646752628
63.1916875607268
62.88903648745718
62.3460332545443
62.52439622984321
63.29939640134969
63.14607644755874
63.849706107447886
63.361649067662164
62.9318533495988
62.26594945791862
62.32941883610119
63.00112702116736
62.759447107939636
63.392627575460494
62.85458200327957
62.39731465449103
61.727967813246394
61.812954639208236
62.531472709445964
62.361624181001936
63.09079649086755
62.67148053552501
62.35373929374866
61.842311373485764
62.10081148920822
63.005320989120015
63.030592081098376
63.96051722448607
63.74403808653117
63.6277044639831
63.31286514089776
63.75995030373589