Model: SARIMA
MSE: 1097.4688775093268
MAE: 25.994965324033974
Predictions:
124.92322744989873
128.5018937800047
133.79094770729634
130.92385977604053
135.34595682344198
136.57149043501235
133.99207744999757
131.9376807870986
137.20712749235312
133.13796660541558
134.55384431521045
135.90415520219085
136.56741785759058
137.62680252835673
138.8466758883615
139.0129107322685
140.03647340727412
140.62612163227183
140.7099538229842
140.82557681850412
141.8152030407664
141.62389082280697
142.08430702883123
142.51317668213244
142.83568664255444
143.18735115093693
143.54069723042397
143.74729706909747
144.04447816834704
144.2740562530046
144.4283047198969
144.57466275673067
144.81809457837878
144.90575245045406
145.06474626506082
145.2114575070341
145.33733717285745
145.45975032879687
145.57588493837315
145.66794616282095
145.7657273896547
145.85014520372226
145.920657425449
145.98596931082332
146.05938855495856
146.11001276492163
146.16617718452125