Model: SARIMA
MSE: 23.773267008044414
MAE: 4.287749174616148
Predictions:
31.07223785449373
31.402829687065953
31.19134269147463
31.294995317059968
31.104337925259152
31.366508660057306
31.44984238544209
31.234969156399657
31.417104378551684
31.452789613329195
31.0269306070717
31.168894341012646
30.97627390623505
31.316400837878664
31.092618310831103
31.216371406209756
31.013175015149933
31.286429718458326
31.344067002478237
31.163646042695614
31.315816701206984
31.372323247580127
30.9481796350703
31.104710435555333
30.902642395094684
31.246437226024376
31.01547682490751
31.153128493447568
30.942366114598148
31.221157106036728
31.258588979233046
31.10607102775724
31.233838911220623
31.305491948975043
30.886871601223287
31.052786729984017
30.845510521798335
31.188512385177454
30.95436610466876
31.101095507501892
30.886651508549615
31.166738202003966
31.188369361075754
31.0585241450077
31.166388832786385
31.248750454642625
30.838515110256463
31.00980758527305
30.800620462560165
31.139472794473683
30.905228088673894
31.057303644269794
30.842187543387126
31.12035699932181
31.12971421035364
31.0183586393944
31.109959568983086
31.199569073589338
30.799825550958595
30.973415159844578
30.764858411616537
31.09707090832363
30.865090356590358
31.019639482419173
30.806159611794268
31.08000615670018
31.07990772783657
30.98369099578178
31.06197182164737
31.156140598386276
30.76839572572008
30.941932454782727
30.735942447088778
31.059703316413657
30.831770267627626
30.98659751845537
30.776501771902776
31.04425307090863
31.036946399093456
30.953179876822286
31.020521917358014
31.11717129770218
30.742457142484902
30.914165863795827
30.712196287869215
31.026224087041488
30.803660473775366
30.957103793272154
30.75169346050386
31.01207317294541
30.999346187535266
30.92586862304724
30.98419904065422
31.081732013240742
30.720706871450904
30.889264548868834
30.692385170460444
30.99581184182499
30.779573292858224
30.93039031939327
30.730611974967463
30.982731255694897
30.966002574956143
30.901073162176868
30.951952542097217
31.049152191114135
30.702181844653285
30.866620402063077