Model: TRANSFORMER
MSE: 7.028890041666922
MAE: 1.3206030300685339
Predictions:
44.046505
44.046505
44.046505
44.0465
44.046505
44.046505
44.046505
44.0465
44.046505
44.046505
44.046505
44.0465
53.620487
53.620487
53.620487
39.827343
39.827343
39.827343
44.046505
44.0465
44.046505
39.827343
39.827343
39.827343
39.827343
44.046505
44.046505
44.0465
44.046505
44.046505
44.0465
44.0465
44.046505
49.427296
47.022503
47.022503
47.022503
47.022503
39.827343
39.827343
39.827343
39.827343
39.827343
39.827343
39.827343
39.827343
39.827343
39.827343
39.827343
39.827343
39.827343
39.827343
39.827343
39.827343
39.827343
39.827343