Model: RF
MSE: 289.4868241696574
MAE: 10.583068672700543
Predictions:
71.50934752403259
112.86478948783751
112.86478948783751
112.86478948783751
112.86478948783751
112.86478948783751
112.86478948783751
112.86478948783751
112.86478948783751
112.86478948783751
112.86478948783751
112.86478948783751
112.86478948783751
112.86478948783751
112.86478948783751
102.88617700336337
102.88617700336337
102.88617700336337
84.96544684288878
111.31087301587301
111.31087301587301
111.31087301587301
112.86478948783751
112.86478948783751
112.86478948783751
112.86478948783751
159.75259278711485
159.75259278711485
159.75259278711485
159.75259278711485
159.75259278711485
111.31087301587301
111.31087301587301
118.31955505450861
111.31087301587301
175.29214285714286
175.29214285714286
175.29214285714286
175.29214285714286
175.29214285714286
175.29214285714286
175.29214285714286
175.29214285714286
175.29214285714286
175.29214285714286
175.29214285714286
175.29214285714286
193.24071428571432
193.24071428571432
175.29214285714286
175.29214285714286
175.29214285714286