Model: XGB
MSE: 147.55222805245455
MAE: 10.992760191572474
Predictions:
64.99761
61.304844
63.43647
62.287537
60.49
59.987896
59.60821
59.60821
56.467995
57.660854
58.296543
58.05474
58.11209
59.42337
60.238003
60.29676
52.236607
56.839108
52.689396
55.971954
50.38085
50.57606
50.454285
50.47589
50.409264
50.651154
51.04016
50.787292
54.747513
54.8715
55.038147
55.039383
56.195568
56.692554
53.9273
50.049683
49.669113
49.330338
49.794605
50.275623
49.96592
48.52629
53.494667
53.8384
54.9507
55.859905
55.85365