Model: RF
MSE: 5.7207892404885765
MAE: 0.8413403338868273
Predictions:
34.567052852294566
48.67587860211588
48.4921397005772
48.32330041486291
49.82297168109668
49.26738596906566
38.087993278397406
37.28125
37.3125
37.3125
37.3125
39.6875
46.656249999999986
46.82812499999998
46.85937499999998
46.85937499999998
46.85937499999998
46.85937499999998
46.87499999999998
44.036617009736204
43.669718061484815
43.595476004045445
43.580523340876766
43.580523340876766
43.57858095913859
43.55237653205526
43.55237653205526
43.55237653205526
43.55237653205526
43.55237653205526
43.55237653205526
43.55237653205526
43.55237653205526
43.55237653205526
37.390625
37.453125
37.484375
39.796875
41.82204861111111
41.15391865079364
41.05208333333333
40.818229166666654
40.475694444444436
39.45329436188811
39.45329436188811
39.45329436188811
39.45329436188811
39.45329436188811
37.546875
37.5
37.5
37.5
37.5
36.171875
37.61343669863568
37.61343669863568
37.61343669863568
37.61343669863568
37.61343669863568
37.61343669863568
37.61343669863568
37.61343669863568
37.61343669863568
37.61343669863568
37.61343669863568
37.61343669863568
37.61343669863568
37.61343669863568
37.61343669863568
37.61343669863568
37.61343669863568
37.61343669863568
37.61343669863568
37.61343669863568
37.61343669863568
37.61343669863568
37.61343669863568
37.61343669863568
37.61343669863568
37.61343669863568
37.61343669863568
37.61343669863568
37.61343669863568
37.61343669863568
37.61343669863568
37.61343669863568
37.61343669863568
37.61343669863568
37.61343669863568
37.61343669863568
37.61343669863568
37.61343669863568