Model: RF
MSE: 476.4280049355621
MAE: 13.107522571209323
Predictions:
54.9791640070922
86.05
86.05
85.85000000000001
86.4
89.4
89.4
89.4
89.4
89.4
89.4
89.4
89.4
89.4
89.4
76.45000000000002
71.58000000000001
81.33000000000001
81.39666666666668
77.94666666666667
80.55976190476191
80.55976190476191
80.55976190476191
80.55976190476191
80.55976190476191
79.75976190476192
79.50976190476192
79.80976190476191
75.95976190476192
76.35976190476191
80.55976190476191
57.22780303030305
55.80380952380953
57.01166666666665
56.38889389175494
128.45
128.35
112.9
126.5833333333333
154.04999999999995
132.90666666666667
127.05666666666667
126.20666666666665
126.20666666666665
118.78595238095238
120.71928571428573
55.3
130.7
126.84999999999997
130.90666666666664
126.5833333333333
158.48999999999995