Model: XGB
<<<<<<< HEAD
MSE: 7.44517183491582
MAE: 1.6918527233985163
Predictions:
24.999044
31.037767
29.499367
29.499367
29.499367
29.499367
30.001621
30.00067
30.00067
30.00067
30.00067
30.00067
30.00067
40.010685
39.069744
39.069744
39.069744
39.069744
39.069744
39.069744
35.001778
35.12012
35.12012
35.12012
35.12012
35.12012
30.019987
30.00067
30.00067
30.00067
30.00067
30.00067
30.00067
30.00067
40.010685
39.069744
35.001778
35.12012
35.12012
35.12012
35.12012
32.09918
32.50261
32.50261
32.402687
31.245604
29.499367
29.499367
29.499367
29.499367
29.499367
29.499367
29.499367
29.499367
29.499367
27.506542
32.50261
32.50261
32.50261
32.50261
32.50261
32.402687
=======
MSE: 11.197999692472935
MAE: 2.484270526516822
Predictions:
25.000008
37.376965
30.205153
39.99712
39.083725
35.00838
35.03665
35.03665
35.03665
35.03665
31.625793
32.501163
32.501163
32.421207
29.996513
29.199207
29.199207
29.199207
29.199207
29.199207
29.199207
29.199207
29.199207
29.199207
27.505106
32.501163
32.501163
32.501163
32.501163
32.501163
32.421207
>>>>>>> 468eafcd640fa16da1a94df5071eb1aed20cf7ad
