Model: RF
MSE: 0.5187022472437435
MAE: 0.4262536399468956
Predictions:
11.100257657100357
11.828769575485188
11.828769575485188
9.589600882757043
9.589600882757043
9.589600882757043
9.789265784256594
9.789265784256594
9.789265784256594
9.789265784256594
11.677855287074038
11.677855287074038
11.677855287074038
11.677855287074038
11.115471509734306
11.115471509734306
11.115471509734306
11.115471509734306
11.115471509734306
11.115471509734306
12.629076140873016
12.629076140873016
12.629076140873016
12.629076140873016
12.629076140873016
12.629076140873016
12.629076140873016
12.325501056485463
12.325501056485463
12.325501056485463
12.325501056485463
12.325501056485463
12.325501056485463
12.325501056485463
12.325501056485463
12.325501056485463
12.325501056485463
12.325501056485463
12.325501056485463
12.325501056485463
12.984036374933904
12.984036374933904
12.984036374933904
12.984036374933904
12.984036374933904
12.984036374933904
12.984036374933904
12.984036374933904
12.984036374933904
12.984036374933904
12.984036374933904
12.984036374933904
12.984036374933904
12.984036374933904
12.984036374933904
12.984036374933904
12.984036374933904
12.984036374933904
12.984036374933904
12.984036374933904