Model: LSTM
MSE: 1.599458404791676
MAE: 0.5228468009403774
Predictions:
34.555855
34.555855
34.555855
34.555855
34.555855
34.555855
34.555855
34.555855
34.555855
34.555855
34.555855
34.555855
34.555855
34.555855
31.33838
31.806067
34.571236
34.0856
34.291092
34.479866
34.555855
34.555855
34.555855
34.555855
34.555855
34.555855
34.555855
28.079906
29.102554
28.340307
28.085463
28.066643
28.066643
28.066643
28.066643
28.066643
28.066643
28.066643
30.79102
30.854525
31.079927
31.204874
31.217304
28.30483
31.373571
30.985802
31.087835
31.204874
31.217304
31.217304
31.217304
31.217304
31.217304
31.217304
31.217304
31.217304