Model: XGB
MSE: 889.7256147601331
MAE: 20.18274527329665
Predictions:
54.99736
80.77013
80.781494
82.312645
82.312645
82.30485
82.373474
82.429085
82.429085
82.429085
82.37851
82.37851
82.37851
82.37851
82.37851
83.71666
56.981243
56.93649
56.939148
57.057705
56.98504
56.98504
56.983875
57.012203
85.34729
83.690765
57.215286
57.325874
56.41662
56.41662
56.56929
56.56929
56.382538
56.687866
56.17
94.71306
94.70372
90.633965
89.31784
89.51092
89.61575
89.289764
89.3631
90.38483
109.04295
109.5173
56.280537
97.591324
93.72353
91.23217
91.72261
94.013084