Model: XGB
MSE: 13.954916064973837
MAE: 2.462430723420866
Predictions:
62.49585
62.49585
62.49585
50.025517
46.89437
46.89437
46.89437
46.89437
46.89437
46.89437
46.89437
46.89437
46.89437
46.89437
46.89437
46.89437
46.89437
46.89437
46.89437
46.89437
46.89437
46.89437
46.89437
46.89437
46.89437
59.534256
50.025517
34.672035
37.837543
46.89437
46.89437
46.89437
46.89437
43.712406
45.047237
43.712406
43.712406
43.712406
43.712406
46.89437
43.712406
43.712406
43.712406
43.712406
43.712406
50.025517
50.025517
43.712406
50.025517
43.712406
43.712406
43.712406
43.712406
37.837543
43.712406
40.13208
40.13208
37.837543
37.837543
37.837543
34.672035
37.837543
37.837543
37.837543
34.672035
34.672035
40.13208
37.837543
43.712406
46.89437
46.89437
43.712406
43.712406
43.712406
43.712406
43.712406
57.16271
54.04806
50.025517
50.025517
43.712406
43.712406
43.712406
50.025517
46.89437
46.89437
46.89437
50.025517
50.025517
46.89437
46.89437
43.712406
43.712406
43.712406
43.712406
42.345024
40.13208
43.712406
46.89437
40.13208
40.13208
47.39404
54.04806
50.025517
46.89437
50.025517
54.04806
54.04806
57.16271
54.04806
59.534256
57.16271
59.534256
60.824005
60.824005
59.534256
59.534256
59.534256
62.49585
60.824005
60.824005
60.824005
60.824005
60.824005
62.49585
60.824005
60.824005
57.16271
57.16271
57.16271
60.824005
60.824005
59.534256
59.534256
59.534256
59.534256
56.26148
59.534256
56.26148
62.49585
57.16271
57.16271
57.16271
62.49585
62.49585
62.49585
60.824005
60.824005
60.824005
60.824005
60.824005
60.824005
60.824005
62.49585
62.49585
62.49585
62.49585
62.49585
62.49585
62.49585
62.49585
62.49585
62.49585
62.49585
62.49585
60.824005
60.824005
60.824005
60.824005
60.824005
60.824005
60.824005
60.824005
60.824005
60.824005
56.26148
56.26148
56.26148
56.26148
56.26148
56.26148
56.26148