Model: TRANSFORMER
MSE: 7.757789441927391
MAE: 1.2472243727299206
Predictions:
28.145287
28.145287
28.145287
28.145287
28.145287
28.145287
28.145287
28.145287
28.145287
28.145287
28.145287
28.145287
28.145287
35.081894
35.081894
35.081894
23.566097
23.566097
20.944096
19.396223
19.396223
19.396223
32.488136
32.488136
32.488136
32.488136
23.566097
28.145287
28.145287
28.145287
32.488136
32.488136
32.488136
32.488136
35.081894
35.081894
35.081894
35.081894
35.081894
28.145287
28.145287
28.145287
28.145287
28.145287
28.145287
28.145287
28.145287
28.145287
28.145287
28.145287
28.145287
28.145287
28.145287
28.145287
28.145287
28.145287
28.145288