Model: LSTM
MSE: 163.86702998123505
MAE: 11.121129910151163
Predictions:
103.96655
103.96655
103.96655
103.96655
103.96655
103.96655
103.96655
103.96655
103.96655
103.96655
103.96655
103.96655
93.82124
84.403854
75.59148
68.98238
68.98238
68.98238
68.98238
68.98238
68.98238
67.35581
65.584076
63.44509
60.932358
60.355625
59.67098
58.853214
57.923393
57.923393
57.92339
57.92339
57.923393
57.923393
57.923393
57.923393
58.523903
59.22562
60.04385
60.932358
60.932358
60.932358
60.932358
60.932358
60.932358
60.932358
60.932358
60.932358