Model: PROPHET
MSE: 623.5563572651088
MAE: 24.176318647054565
Predictions:
84.99966424602171
85.4006014600362
85.81827065438429
85.66528676092648
85.88857214483475
86.44584166063655
86.6586563232444
86.99611790095338
87.28897707524528
87.61273602604717
87.38197594913204
87.54414095955771
88.0561841594472
88.23781610210135
88.55541855118203
88.83638653872461
89.15247004042031
88.9143366527751
89.0655783079571
89.55956034078297
89.7128468352002
89.98926016091193
90.21433413503446
90.45873002962767
90.13283617877718
90.18077500379191
90.55721786569468
90.58074493645056
90.71781225439501
90.79709043980293
90.89274989252786
90.41891915298461
90.32354626094788
90.56506939698443
90.4656395176266
90.49496212196078
90.48452688572597
90.51080340388951
89.98963220678615
89.87004238156425
90.11090257975152
90.0341476448128
90.10864661004332
90.16447860306698
90.27619201189371
89.85727265528192
89.85404849569014
90.22243368762886
90.28125019022673
90.49618884529268
90.69417292600096
90.94669644037036
90.66436044235613
90.79083307032609
91.27963501885233
91.44748834329859
91.75829091824653
92.03748068109692
92.35536370430847
92.12163163726335
92.27929692904925
92.78145048573246
92.9445827076728
93.23253320753156
93.47083609046197
93.73003720490934
93.42021074561211
93.48490481638031
93.87792106739462
93.91666901739148
94.0661592050771
94.15340008478817
94.2507723484887
93.77060465456799
93.65917641774249
93.87354842016886
93.73495727744483
93.71283330246703
93.63920226782714
93.59204073650476
92.98980554451637
92.78536050797058
92.94269952919583
92.79020169754911
92.80447875497366
92.82457759344534
92.93511098924724
92.56054204001595
92.6588515337861
93.1979947307614
93.50889143530335
94.0690187641386