Model: TRANSFORMER
MSE: 2.1562396419783627
MAE: 0.8381451826829177
Predictions:
47.59604
47.59604
47.59604
47.59604
47.59604
47.59604
47.59604
47.59604
50.64591
50.64591
50.64591
50.64591
50.64591
50.64591
50.64591
50.64591
50.64591
50.64591
47.59604
47.59604
47.59604
47.59604
47.59604
47.59604
47.59604
47.59604
47.59604
47.59604
47.59604
47.59604
47.59604
47.59604
50.64591
50.64591
50.64591
50.64591
50.64591
50.64591
50.64591
50.64591
50.64591
50.64591
50.64591
56.68912
65.52846
65.52845
65.52845
65.52845
65.52845
65.52845
65.52845
65.52845
65.52845
65.52845
65.52845
67.71285
67.71285
67.71285
65.52845
65.52846
65.52845
65.52845
65.52846
65.52846
62.039566
62.039566
59.545654
59.545654
59.545654
59.545654
59.545654
59.545654
59.545654
59.545654
59.545654
59.545654
56.68912
56.68912
56.68912
56.68912
56.68912
56.68912
56.68912
56.68912
56.68912
56.68912
56.68912
56.68912
56.68912
56.68912
56.68912
56.68912
53.692936
56.68912
56.68912
56.68912
56.68912
56.68912
56.68912
56.68912
56.68912
56.68912
56.68912
56.68912