Model: RF
MSE: 19.499690085187634
MAE: 2.270493231897459
Predictions:
50.887229194040714
68.6814853806747
68.6814853806747
68.76194491469207
68.76194491469207
57.75911947427573
57.75911947427573
56.28799198335675
56.28799198335675
56.28799198335675
48.077747538409305
56.28799198335675
56.28799198335675
61.44515351069798
61.44515351069798
61.44515351069798
61.44515351069798
56.28799198335675
56.28799198335675
68.6814853806747
68.6814853806747
56.28799198335675
56.28799198335675
56.28799198335675
61.44515351069798
61.44515351069798
61.44515351069798
52.35890110136496
52.35890110136496
52.35890110136496
52.35890110136496
52.35890110136496
61.44515351069798
61.44515351069798
61.44515351069798
61.44515351069798
61.44515351069798
62.19927135702919
62.19927135702919
68.6814853806747
68.6814853806747
68.6814853806747
68.6814853806747
68.6814853806747
68.6814853806747
68.6814853806747
68.6814853806747
68.6814853806747
68.6814853806747
68.6814853806747
68.6814853806747
68.6814853806747
68.6814853806747
68.6814853806747
68.6814853806747
68.6814853806747
68.6814853806747
68.6814853806747
68.6814853806747
68.6814853806747
68.6814853806747
68.6814853806747