Model: RF
<<<<<<< HEAD
MSE: 7.363466470557574
MAE: 1.6495916123396237
Predictions:
27.658847672491476
29.604914128670586
29.569085795740204
30.981197511638687
29.910775337815775
29.910775337815775
29.965018939393936
30.007291666666667
28.740081118068915
30.090690104102038
30.090690104102038
30.090690104102038
30.090690104102038
41.745
39.99333333333334
39.550000000000004
39.84859984652186
39.84859984652186
39.84859984652186
39.84859984652186
34.95
35.05
34.80051020408163
35.16156139849369
35.16156139849369
35.16156139849369
30.275480769230764
29.949999999999996
30.2492927547363
30.090690104102038
30.090690104102038
30.090690104102038
30.090690104102038
30.090690104102038
41.745
39.99333333333334
35.009465668278146
35.05
34.80051020408163
35.16156139849369
35.16156139849369
35.16156139849369
35.16156139849369
35.16156139849369
30.275480769230764
29.482499999999995
30.776874999999997
31.220010245065392
29.910775337815775
29.910775337815775
29.910775337815775
29.910775337815775
29.910775337815775
29.910775337815775
29.910775337815775
33.47720352564102
34.96077034831891
34.98400795704924
35.16156139849369
35.16156139849369
35.16156139849369
30.275480769230764
=======
MSE: 7.411426213810755
MAE: 1.8541575585659549
Predictions:
28.007684198526686
30.391875331456337
30.391875331456337
39.40828998608799
39.40828998608799
35.03948513076884
35.03948513076884
35.03948513076884
35.03948513076884
35.03948513076884
35.03948513076884
35.03948513076884
35.03948513076884
30.391875331456337
29.01875325254936
29.01875325254936
29.01875325254936
29.01875325254936
29.01875325254936
29.01875325254936
29.01875325254936
29.01875325254936
29.01875325254936
29.01875325254936
35.03948513076884
35.03948513076884
35.03948513076884
35.03948513076884
35.03948513076884
35.03948513076884
30.391875331456337
>>>>>>> 468eafcd640fa16da1a94df5071eb1aed20cf7ad
