Model: PROPHET
MSE: 459.4880101254266
MAE: 16.661385441705185
Predictions:
60.64280610366346
61.00969672500125
61.25486429259673
61.05468612508007
61.104588978525655
61.60538684285592
61.581987124756004
61.51305772702801
61.71238162768285
61.73775855728663
61.265561325349395
60.99264897950699
61.12279646832556
60.685460145445894
60.165467646555555
59.88435546651675
59.4092113930379
58.42712785707975
57.646967941361154
57.28560439862654
56.38645286972619
55.44889087604788
54.80929013642333
54.04952472431191
52.87106754552747
51.996384251880826
51.65479313226929
50.90062101093977
50.242256026700275
50.02283438876426
49.82843318982403
49.36189109952532
49.34397493063108
49.99906878525418
50.373223028651964
50.96317000996307
52.09704829542978
53.342710609984806
54.38173872502511
55.91088288783923
58.12810022196425
60.05102516080681
62.14647276134038
64.7117087714152
67.28335204858979
69.51202142649903
72.06443214103989
75.11010266672118
77.64049062929094
80.09914373746733
82.76358452656322
85.15477960260125
86.91229109804839
88.69680194552359
90.6771635353683
91.8497736858522
92.66886197625624
93.42839445147311
93.67144393198352
93.06512168741814
92.30276274775524
91.59051676657482
89.96615839330711
87.92870284973141
85.81954985477398
83.23101557045112
79.88036382516258
76.51104614682113
73.37832119409902
69.56708724553616
65.62053375660534
61.920355614820494
58.09440996996409
53.88994636276678
50.07413796754404
46.91910120728313
43.51925206041379
40.419617357045766
37.99585430011846
35.86186475455248
33.74313856251271
32.377553977955415
32.00081944711217
31.664398733422175
31.864528170845787
32.92306674179696
34.39605019765867
35.94806567131161
38.25415494572682
41.48640896868245
44.633072723142746
48.12874558257821
52.23639393517563
56.45702364128256
60.405105893149454
64.71144303374331
69.5106170645244
73.76082227558166
77.87465202562645
82.10154426213714
85.93772433048899
89.00173300363076
91.93722415466152
94.90017621733897
96.87832380158096
98.321387832957
99.52282037023265
100.02891717923373
99.51340316695297
98.67919453385709
97.74450305950708
95.76111152491606
93.2434221479556
90.54901805121315
87.28661454698255
83.18952838074529
79.01639066759927
75.03628919115886
70.34618727903192
65.49923692573044
60.88473924694944
56.13563913388468
51.00168917146472
46.250012208321024
42.150248598005334
37.79213241400062
33.71410824818035
30.283732649714082
27.105735325345563
23.895861000686203
21.38220510231588
19.7912113824191
18.16615664436651
16.996714235061276
16.600320070280034
16.531196131816202
16.455132703662848
17.051723846178227
18.501206929532202
19.803715795861798
21.40952564147834
23.6010020757356
25.90210044295381
27.953510411161112
30.415136719960415
33.453065964819714
36.058830649604204
38.67955275164026
41.59968573036504
44.3502096413026
46.58338477475674
48.974766667956104
51.70964554185587
53.801735440402126
55.72270988188213
57.78331768181909
59.54194815419992
60.67876513850069
61.897125905351714
63.40946009190831
64.25544469908631
64.9310811666052
65.76941568695791
66.34877765173833
66.36665948786059
66.54095585590561
67.0957374244331
67.079393535583
66.99374640081915
67.17487310609353
67.20150411996133
66.76911425688812
66.59141588899874
66.8864208119856
66.69489589309345
66.50980582354323
66.6574700508065
66.7062937228352
66.34118028759913
66.26532797252577
66.68656988025437
66.63607718873216
66.59801426311664
66.8908694283503
67.07631912378461
66.83373218328128
66.86201673825688
67.3659708585301
67.37495880841762
67.37250500885432
67.6775334949111
67.85311523717417
67.58083516348985
67.56248675240869
68.00626080213524
67.94525569599907
67.86690650109279
68.09406559855451
68.19360166305736
67.85063271289526
67.77010433956072
68.1628822502497
68.06418822834463
67.962977873684
68.18299309523898
68.2913557282027
67.97281688072978
67.93137140066324
68.37640435614183
68.34119596906609
68.31238037197625
68.61108795224064