Model: XGB
MSE: 1.6755049305892196
MAE: 0.6619891802469889
Predictions:
28.12486
19.769388
19.769388
19.769388
19.769388
20.729391
20.729391
20.729391
20.729391
20.729391
22.320225
22.320225
22.320225
22.320225
22.320225
22.320225
22.320225
22.320225
22.320225
22.320225
23.479237
23.479237
23.479237
23.479237
23.479237
23.479237
23.479237
23.479237
23.479237
23.479237
23.479237
24.218866
24.218866
24.218866
24.218866
24.218866
24.218866
24.218866
24.218866
24.218866
24.218866
25.416945
25.416945
25.416945
25.416945
25.416945
25.416945
25.416945
25.416945
25.416945
25.416945
25.416945
25.416945
25.416945
25.416945
25.416945
25.416945
25.416945
25.416945
25.416945