Model: SARIMA
MSE: 2167.9780110457637
MAE: 46.20014391925333
Predictions:
65.45392015558112
65.8684670274064
66.24705587574718
66.59280571932194
66.90856503145142
67.19693520731506
67.46029199564481
67.70080507142193
67.92045591082747
68.12105411570954
68.30425232205747
68.47155981530659
68.62435496464417
68.76389657875664
68.89133427657316
69.00771795844518
69.1140064557907
69.21107543046352
69.29972458892708
69.3806842706666
69.45462146511908
69.5221453066911
69.58381209313612
69.64012986863469
69.69156260933599
69.73853404584298
69.78143115413327
69.82060734367553
69.85638536900684
69.8890599887584
69.91890039403573
69.94615242615993
69.97104060204077
69.99376996386795
70.01452776835885
70.03348502948036
70.05079792735384
70.06660909495115
70.08104879318172
70.09423598405216
70.10627931073921