Model: TRANSFORMER
MSE: 7.370127053788796
MAE: 1.8567312208272644
Predictions:
49.589622
49.589622
43.34169
43.34169
40.526352
40.526352
40.526352
36.143806
40.526352
40.526352
43.34169
43.34169
43.341686
43.34169
40.526352
40.526352
45.21495
45.21495
36.143806
36.143806
36.143806
32.201023
32.201023
32.201023
36.143806
36.143806
36.143806
36.143806
36.143806
43.34169
43.34169
45.21495
43.34169
43.34169
49.589622
49.589622
53.84746
49.589622
45.21495
45.21495
45.21495
45.21495
45.21495
45.21495
49.589622
49.589622
49.589622
49.589622
49.589622
49.589622
49.589622
49.589622
49.589622
49.589622
49.589622
49.589622
49.589622
49.589622
49.58962