Model: SARIMA
MSE: 15.081883477482819
MAE: 3.3370389684152473
Predictions:
33.80079412859865
33.47579580626159
32.95966659672277
32.66823920389281
32.196463813889196
31.935291602003623
31.503970069681912
31.270056626103084
30.875637608549617
30.66627555936506
30.305524810034637
30.11826837098299
29.788240089724397
29.620880199044493
29.318890991581984
29.169432783372457
28.89303799129011
28.759680390453873
28.506652574689312
28.38776981493465
28.156079195725166
28.05020408059699
27.8380007549217
27.74380949861838
27.549407272613728
27.465705772566732
27.287567461313426
27.213278868313413
27.05000292893996
26.984156393115228
26.834464769463708
26.776185251774546
26.638912320042632
26.587411369255907
26.461493884170178
26.4160612886208
26.30052923890444
26.260525470823104
26.154493761082456
26.11934313895299
26.02200402269993
25.991188524078026
25.901804719499655
25.874858383044156
25.792756809392277
25.769260670590853
25.69382674874933
25.673404259016987
25.604076724968433
25.586389608509577
25.522655793111955
25.507400300209632
25.44879183295205
25.43569535222233
25.38178425049695
25.3706022461594
25.320997355099273
25.31151059849957
25.26585434962271
25.257866417131233
25.21583187692922