Model: PROPHET
MSE: 11036.167296848253
MAE: 83.31243886255591
Predictions:
219.22697629684743
226.67851677429465
238.01374859863805
242.68614627500602
250.91008163824853
256.38031776862897
259.31006377246985
264.29432647826184
271.42259935474544
281.54720030532707
284.0754719918191
289.19875992131807
290.61347122645543
288.56002269442934
287.6863751729848
288.16017587585037
290.93582235448696
285.5446849581472
282.3214467860094
275.1219273785343
264.3582799344823
254.85835616694794
246.97337042305622
241.840297026129
229.16736459376472
219.45573644880557
206.71287298389262
191.48359119153747
178.70573311727904
168.81468132893443
163.00324755710324
151.00537347788307
143.31678875297163
133.90815726261474
123.25673977357785
116.20347528650458