Model: SARIMA
MSE: 51.97092885161686
MAE: 5.24176837037825
Predictions:
68.17820420523505
68.34687209532744
67.91613111328608
68.10731248321106
67.77203792646121
67.96299389259757
67.69493378954121
67.87441868363048
67.65558576188056
67.81871371515267
67.63727324658636
67.78259806963108
67.63046575302239
67.75833043134139
67.62975988958128
67.74137290893931
67.6321172164266
67.72904372233516
67.63585103986682
67.71973967027903
67.64004431541755
67.7124869761694
67.64421564019283
67.70668144815768
67.64812795506818
67.70193783473556
67.65167928887786
67.69800220951238
67.65484062477027
67.69470077666779
67.65762079509726
67.69190975539942
67.66004684769518
67.68953749305402
67.66215324072841
67.68751369728989
67.66397605173384
67.68578283375223
67.66555001391794
67.6842999790423
67.6669071286603
67.68302813611216
67.66807614100907
67.68193643347442
67.66908247368477
67.68099886915408
67.66994839203902
67.6801933990863
67.6706932735568
67.67950125029434
67.67133391309105
67.67890638622357
67.67188482763237
67.6783950792212
67.67235854271873
67.67795556150053
67.67276585271637
67.67757773572998
67.67311605267982
67.67725293236143
67.67341714234664
67.67697370453692