Model: SARIMA
MSE: 303.99168232023595
MAE: 16.81122413175837
Predictions:
54.08720749766961
54.004993726131076
53.51421142436512
53.11894594772586
52.14571971817713
52.43159233027675
52.64621914287955
52.75958357657227
53.20125556622134
53.554014419569064
53.65055715183085
53.999667432524696
52.878305308735015
52.97268296586628
53.24864413468041
53.38916531332099
53.88160272987632
53.572496317689684
53.74759068723052
53.60660624510428
53.90362435802722
53.5439850676581
53.471756576110934
53.17949419199826
53.82599667925881
53.76916895216198
53.8260153550808
53.98442483145547
54.17266113921147
54.34399391262515
53.911554309868535
54.00486146473273
53.20219078036088
53.38358484900186
53.39712880047799
53.48892719595803
53.59680083734901
53.591050897583585
53.266928766463614
52.92348392639349
52.225499684703905
52.26471229664931
52.704663948677705
52.701656114817254
53.54319313551325
53.61354895393879
53.65921649924261
53.79302509201513
53.068560785770885
53.127098435622514
53.52310756000077
53.855285094527275
54.64945200162383
54.44281764560765
54.221721750067694
54.14276150186719
53.698031712320855
53.4395208437256
53.36452793973332
53.09837857547936
54.00061087687051
53.925067296502576
53.668050019676244
53.5162025971013
53.04350865227889
53.29332546067833
53.206147637501886
53.317633746570806
53.180946810665745
53.474511367038886
53.53717721934866
53.78475270651181
53.186729508289076
53.23869129241457
53.240150993395005
53.153539037989546
53.097577393176344
52.93737121732306
53.25442366028693
53.17112271603912
53.755580650029614
53.581294502688806
53.56173426840751
53.45762432573423
53.47811664776249
53.47379707547333
53.700700864345876
53.955296630378335
54.4534217695236
54.45168365209646
54.092431563444975
54.10792386209573