Model: RF
MSE: 418.6052802905704
MAE: 12.765021929824567
Predictions:
91.90625000000003
82.14999999999999
81.55
82.94999999999999
83.39999999999998
83.99999999999999
83.6
84.39999999999999
83.64999999999998
85.35
87.50000000000001
96.35
97.2
97.6
107.98749999999998
111.53750000000002
114.45
119.94999999999999
134.60000000000002
134.95
133.8
54.25000000000003
52.30000000000003
52.400000000000034
55.200000000000024
55.15000000000003
55.35000000000002
55.300000000000026
55.15000000000003
54.300000000000026
56.050000000000026
55.85000000000002
55.60000000000002
55.550000000000026
53.800000000000026
113.775
114.89999999999999
136.70000000000005
141.35000000000002
138.75000000000006
137.85000000000002
94.14999999999998
90.54999999999995
85.74999999999997
84.99999999999997
78.45
75.75
76.10000000000001
77.7
64.9
66.2
69.15
67.7
67.8
67.8
67.75
89.55000000000001