Model: LSTM
MSE: 2.550923073978525
MAE: 0.8166801997593471
Predictions:
37.05653
37.05653
37.05653
37.05653
37.05653
37.05653
37.05653
37.05653
37.05653
39.7751
42.749416
40.270344
40.48969
40.14173
40.14173
40.14173
34.279327
34.066967
34.25202
34.25202
34.25202
34.25202
34.25202
34.25202
34.25202
34.25202
34.25202
34.25202
34.25202
34.25202
34.25202
34.25202
31.763456
36.35987
37.09016
37.05653
37.05653
34.37322
34.107952
34.25202
34.25202
34.25202
34.25202
34.25202
36.788506
34.574047
34.107952
34.25202
34.25202
34.25202
34.25202
34.25202
34.25202
34.25202
34.25202
34.25202
36.788506
37.13012
37.05653
37.05653
37.05653
37.05653
37.05653
37.05653
37.05653
34.37322
34.107952
34.25202
34.25202
34.25202
34.25202
34.25202
34.25202
30.537806
29.919186
29.80226
29.80226
28.582014
28.379793
28.341698
28.341698
28.341698
28.341698
28.341698
28.341698
28.341698
28.341698
28.341698
28.341698
28.341698
28.341698
28.341698
27.126188
25.723583
25.408249
25.28654
30.293695
31.114325
31.25654
31.25654
31.25654
31.25654
26.440382
25.62266
25.28654