Model: LSTM
MSE: 63.43102229420065
MAE: 4.9378078534052925
Predictions:
105.710335
115.55482
121.37859
120.810616
120.19563
120.19563
115.24595
116.43541
106.01653
112.678856
115.28654
114.12585
95.58992
100.15597
98.04853
87.4374
88.326614
78.88116
78.90416
86.47656
85.3805
86.123245
86.902664
82.75893
87.097374
82.52547
86.6384
82.52547
82.5609
78.48504
93.53689
89.61771
76.31195
84.75783
82.562256
81.75865
57.4167
56.616394
81.470924
70.9398
72.511246
75.754295
75.14055
75.26644
73.51471
77.26087
75.403435
75.399055
75.57478
75.42076
75.42076
57.6276
32.265938
60.091606
56.603733
60.25961
61.773327
49.338806
47.14622
45.499725
62.945633
48.489517
47.603817
46.18954
45.647297
47.369457
45.779724
45.689426
46.290565
46.253895
46.358162
49.250927
49.71674
50.148212
50.337036
50.337036
50.337036
50.337036
50.337036
50.337036
50.337036
64.02851
59.69611
59.73972
59.917103
59.715862
56.143677
59.16123
59.274643
59.54705
59.715862
59.715862
66.65999
64.34146
67.69146
61.13226
60.22317
67.58125
67.629036
68.12791
68.701164
61.20277
68.18266
68.18816
71.50638
72.61922
76.47992
84.39301
84.93897
86.123245
61.430298
61.49431
59.996883
63.26229
63.794083
67.396935
64.743546
60.677753
60.233437
59.843246
59.715862
59.715862
59.715862
59.715862
59.715862
59.715862
59.715862
59.715862
59.715862
59.715862
59.715862
59.715862
59.715862
59.715862
59.715862
59.715862
59.715862
59.715862
59.715862
59.715862
59.715862
59.715862
59.715862
59.715862
59.715862
59.715862
59.715862
59.715862
59.715862
59.715862
82.42267
78.8793
77.40036
95.914375
89.62608
90.67177
91.9575
91.55936
82.98968
83.59267
78.722374
78.28066
78.009766
85.36468
85.3805
90.03121
90.77521
95.29229
95.42712
91.51447
87.83332
87.966034
87.2621
86.902664
91.01594
90.77521
78.559364
88.50779
78.46921
86.29776
90.19733
86.012085
78.713776
87.990715
86.25053
86.123245
95.096794
94.63765
95.3732
87.4374
88.326614
96.26012
94.63765
95.3732
96.25376
96.25376
104.94581
104.13234
104.80124
105.72281
105.72281
105.72281
105.72281
105.72281
105.72281
105.72281
105.72281
105.72281