Model: TRANSFORMER
<<<<<<< HEAD
MSE: 6.308565592004973
MAE: 1.2798944439804345
Predictions:
27.706562
29.568413
29.568413
29.568413
29.568413
29.568413
29.568413
29.568413
39.45611
39.45611
39.45611
39.45611
39.45611
39.45611
39.45611
34.51604
34.51604
34.51604
34.51604
34.51604
34.51604
29.568413
29.568413
29.568413
29.568413
29.568413
29.568413
29.568413
29.568413
39.45611
39.45611
34.51604
34.51604
34.51604
34.51604
34.51604
33.314587
33.314587
33.314587
29.568413
27.706562
27.706562
27.706562
27.706562
27.706562
27.706562
27.706562
27.706562
27.706562
27.706562
33.314587
33.314587
33.314587
33.314587
33.314587
33.314587
29.568413
=======
MSE: 4.317480104943739
MAE: 1.5354168503372758
Predictions:
39.00562
35.26347
35.26347
35.26347
35.26347
35.26347
34.368248
34.368248
34.368248
30.780178
29.157337
29.157337
29.157337
29.157337
29.157337
29.157337
29.157337
29.157337
29.157337
29.157337
34.368248
34.368248
34.368248
34.368248
34.368248
34.368248
30.78018
>>>>>>> 468eafcd640fa16da1a94df5071eb1aed20cf7ad
