Model: XGB
MSE: 938.6040102823233
MAE: 14.418941297029194
Predictions:
144.9968
158.56886
158.56886
158.56886
158.56886
158.56886
158.56886
158.56886
158.56886
158.56886
158.56886
158.56886
158.56886
158.56886
239.74461
239.74461
239.74461
239.74461
239.74461
239.74461
239.74461
80.798775
80.798775
80.798775
80.798775
80.798775
80.798775
80.798775
80.798775
80.798775
80.798775
80.798775
80.798775
80.798775
80.798775
145.3852
145.3852
145.3852
145.3852
145.3852
145.3852
117.998
117.998
117.998
117.998
117.998
117.998
117.998
98.88574
117.998
117.998
117.998
117.998
117.998
117.998
117.998
128.1234