Model: RF
MSE: 166.7862749332265
MAE: 8.985208333333329
Predictions:
45.000000000000014
50.94999999999999
51.19999999999999
51.14999999999999
51.44999999999999
59.45
59.2
60.650000000000006
63.1
63.1
63.1
63.1
63.1
63.1
63.1
41.05
36.44999999999996
35.84999999999996
60.550000000000004
58.85000000000001
52.849999999999994
51.04999999999999
47.85
57.9
61.1
63.1
41.05
36.44999999999996
35.84999999999996
36.72499999999995
41.79999999999997
41.44749999999997
43.00833333333331
44.827499999999986
44.827499999999986
71.85000000000001
64.6
60.300000000000004
58.800000000000004
56.0
57.300000000000004
56.30000000000001
52.39999999999999
52.39999999999999
52.39999999999999
52.39999999999999
41.44999999999999
88.0
53.25
55.10000000000001
64.2
51.999999999999986