Model: LSTM
MSE: 1.0631240995248734
MAE: 0.3986428423625667
Predictions:
46.942127
46.942127
46.942127
46.942127
46.942127
46.942127
46.942127
46.942127
46.942127
46.942127
46.942127
46.942127
46.942127
46.942127
46.942127
46.942127
46.942127
49.082397
49.640472
49.935783
50.084312
50.153145
50.153145
50.153145
50.153145
50.153145
50.153145
50.153145
50.153145
50.153145
50.153145
50.153145
50.153145
50.153145
50.153145
50.153145
50.153145
50.153145
50.153145
50.153145
50.153145
50.153145
50.153145
52.30945
52.81295
57.34188
58.446095
61.17245
61.846767
62.136818
62.24977
62.342438
62.342438
62.342438
62.342438
62.342438
62.342438
62.342438
62.342438
62.342438
62.342438
62.342438
62.342438
62.342438
62.342438
62.342438
62.342438
62.342438
62.342438
62.342438
62.342438
62.342438
62.342438
62.342438
62.342438
62.342438
62.342438
62.342438
62.342438
62.342438
62.342438
62.342438