Model: XGB
MSE: 18.24310956321626
MAE: 2.2493615357772163
Predictions:
43.751583
71.0793
69.440926
67.804245
66.51618
61.799133
57.31841
57.076637
57.470936
59.14745
60.352074
61.76872
61.161816
61.023525
62.51443
62.4428
61.752934
61.752934
61.752934
61.752934
61.752934
61.752934
61.752934
61.752934
61.752934
61.752934
61.752934
61.752934
61.752934
61.752934
61.752934
61.752934
61.752934
61.752934
58.790966
57.19221
57.2668
57.341667
57.970078
56.202515
58.702896
59.41782
59.35719
58.75001
59.046204
60.150497
60.150497
60.150497
64.69153
73.86267
77.190445
77.22972
75.23342
74.69678
74.69678
74.69678
74.69678
74.69678
74.69678
74.69678
74.69678
74.69678
74.69678
71.95564
74.93113
74.00277
73.56517
73.27916
72.13543
72.13543
72.13543
72.13543
69.925514
68.93527
68.160255
68.16567
68.19877
68.031204
68.031204
68.031204
68.031204
68.031204
68.031204
68.031204
68.031204
68.031204
68.031204
68.031204
68.031204
68.031204
68.031204
68.031204