Model: RF
MSE: 5229.415000920976
MAE: 67.54096861789739
Predictions:
71.56802476144622
177.082619047619
185.56845238095235
185.56845238095235
185.56845238095235
185.56845238095235
185.56845238095235
185.56845238095235
185.56845238095235
185.56845238095235
185.56845238095235
185.56845238095235
185.56845238095235
185.56845238095235
185.56845238095235
185.56845238095235
185.56845238095235
185.56845238095235
185.56845238095235
185.56845238095235
185.56845238095235
185.56845238095235
185.56845238095235
185.56845238095235
185.56845238095235
185.56845238095235
185.56845238095235
185.56845238095235
185.56845238095235
185.56845238095235
185.56845238095235
185.56845238095235
185.56845238095235
185.56845238095235
185.56845238095235
185.56845238095235
185.56845238095235
185.56845238095235
185.56845238095235
185.56845238095235
185.56845238095235