Model: LSTM
MSE: 0.34329595721590944
MAE: 0.27015055142916167
Predictions:
53.8636
53.97978
53.547493
53.364613
53.146553
53.146553
53.146553
53.146553
53.146553
54.57048
53.33879
53.298477
53.214397
53.204315
53.146553
53.146553
53.146553
53.146553
53.146553
53.146553
55.529915
55.876873
56.126503
56.239006
56.37187
56.37187
56.37187
56.37187
56.37187
56.37187
56.37187
56.37187
56.37187
56.37187
56.37187
56.37187
56.37187
56.37187
56.37187
56.37187
56.37187
56.37187
56.37187
56.37187
56.37187
56.37187
56.37187
56.37187
56.37187
56.37187
56.37187
56.37187