Model: RF
MSE: 9.943695727464192
MAE: 2.520641400354221
Predictions:
45.651364271255915
50.620583198109
50.620583198109
50.620583198109
50.620583198109
50.620583198109
50.620583198109
50.620583198109
50.620583198109
50.620583198109
50.620583198109
50.620583198109
50.620583198109
50.620583198109
50.620583198109
50.620583198109
50.620583198109
50.620583198109
50.620583198109
50.620583198109
50.620583198109
50.620583198109
50.620583198109
50.620583198109
47.66881872774504
50.620583198109
50.620583198109
50.620583198109
50.620583198109
50.620583198109
50.620583198109
50.620583198109
50.620583198109
50.620583198109
54.984906410608595
54.984906410608595
61.27141552990366
61.27141552990366
61.27141552990366
61.27141552990366
61.27141552990366
61.27141552990366
61.27141552990366
61.27141552990366
61.27141552990366
61.27141552990366
61.27141552990366
61.27141552990366
61.27141552990366
69.60839535341036
69.60839535341036
69.60839535341036
69.60839535341036
69.60839535341036
69.60839535341036
69.60839535341036
69.60839535341036
74.14787032920509
74.14787032920509
74.14787032920509
74.14787032920509
74.14787032920509
74.14787032920509
74.14787032920509
74.14787032920509
74.14787032920509
74.14787032920509
74.14787032920509
74.14787032920509
74.14787032920509
74.14787032920509
74.14787032920509
74.14787032920509
74.14787032920509
74.14787032920509
74.14787032920509
74.14787032920509
74.14787032920509
74.14787032920509
74.14787032920509
74.14787032920509
74.14787032920509
74.14787032920509
74.14787032920509
74.14787032920509
74.14787032920509
74.14787032920509
74.14787032920509
74.14787032920509
74.14787032920509
74.14787032920509
74.14787032920509