Model: TRANSFORMER
<<<<<<< HEAD
MSE: 31.985510009206205
MAE: 3.489056042262486
Predictions:
25.801445
39.984776
39.984776
39.984776
39.984776
39.984776
39.448845
39.448845
39.448845
39.448845
39.448845
39.448845
39.448845
39.448845
39.448845
39.448845
39.448845
39.448845
39.448845
39.448845
38.51143
38.51143
38.51143
38.51143
39.973648
39.973648
39.973648
39.973648
39.973648
39.973648
39.973648
34.577293
34.577293
34.577293
34.577293
34.577293
32.33558
32.33558
32.33558
34.577293
31.788904
31.788904
33.465546
33.465546
33.465546
33.465546
33.465546
33.465546
25.801445
25.801445
25.801445
25.801445
25.801445
25.801445
25.801445
25.801445
=======
MSE: 82.2069344192548
MAE: 6.510681220463344
Predictions:
26.47066
29.320078
29.320078
29.320078
29.320078
29.320078
36.243614
36.243614
36.243614
36.243614
36.243614
36.243614
36.243614
36.243614
36.243614
36.243614
36.243614
36.243614
36.243614
36.243614
37.95652
37.95652
37.95652
37.956516
33.999386
33.999386
33.999386
33.999386
33.999386
33.999386
33.999386
37.5647
37.5647
37.5647
37.5647
37.5647
35.768208
35.768208
35.768208
37.5647
35.20623
35.20623
36.75517
36.75517
36.75517
36.75517
36.75517
36.75517
26.47066
26.47066
26.47066
26.470657
26.47066
26.47066
26.47066
26.470657
>>>>>>> 468eafcd640fa16da1a94df5071eb1aed20cf7ad
