Model: RF
MSE: 12.679090634064528
MAE: 2.469689556418415
Predictions:
50.17700187551282
59.47547425937564
59.47547425937564
59.47547425937564
59.47547425937564
59.47547425937564
59.47547425937564
59.47547425937564
59.47547425937564
59.47547425937564
62.49999999999997
62.49999999999997
62.49999999999997
62.49999999999997
62.49999999999997
62.49999999999997
62.49999999999997
62.49999999999997
62.49999999999997
62.49999999999997
62.49999999999997
62.49999999999997
62.49999999999997
62.49999999999997
62.49999999999997
62.49999999999997
62.49999999999997
62.49999999999997
62.49999999999997
62.49999999999997
62.49999999999997
62.49999999999997
62.49999999999997
49.30747420735706
46.90748958365508
46.90748958365508
46.90748958365508
46.90748958365508
46.90748958365508
46.90748958365508
46.90748958365508
46.90748958365508
46.90748958365508
46.90748958365508
46.90748958365508
46.90748958365508
46.90748958365508
46.90748958365508
46.90748958365508
46.90748958365508
46.90748958365508
46.90748958365508
46.90748958365508
46.90748958365508
46.90748958365508
59.47547425937564
49.30747420735706
34.66089136937232
37.82831147165583
46.90748958365508
46.90748958365508
46.90748958365508
46.90748958365508
44.123793909967866
45.004149973290595
44.123793909967866
44.123793909967866
44.123793909967866
44.123793909967866
46.90748958365508
44.123793909967866
44.123793909967866
44.123793909967866
44.123793909967866
44.123793909967866
49.30747420735706
49.30747420735706
44.123793909967866
49.30747420735706
44.123793909967866
44.123793909967866
44.123793909967866
44.123793909967866
37.82831147165583
44.123793909967866
40.14463666726412
40.14463666726412
37.82831147165583
37.82831147165583
37.82831147165583
34.66089136937232
37.82831147165583
37.82831147165583
37.82831147165583
34.66089136937232
34.66089136937232
40.14463666726412
37.82831147165583
44.123793909967866
46.90748958365508
46.90748958365508
44.123793909967866
44.123793909967866
44.123793909967866
44.123793909967866
44.123793909967866
57.480335498049335
54.11917181330013
49.30747420735706
49.30747420735706
44.123793909967866
44.123793909967866
44.123793909967866
49.30747420735706
46.90748958365508
46.90748958365508
46.90748958365508
49.30747420735706
49.30747420735706
46.90748958365508
46.90748958365508
44.123793909967866
44.123793909967866
44.123793909967866
44.123793909967866
42.27226277638398
40.14463666726412
44.123793909967866
46.90748958365508
40.14463666726412
40.14463666726412
47.150306160853034
54.11917181330013
49.30747420735706
46.90748958365508
49.30747420735706
54.11917181330013
54.11917181330013
57.480335498049335
54.11917181330013
59.47547425937564
57.480335498049335
59.47547425937564
60.50219008404432
60.50219008404432
59.47547425937564
59.47547425937564
59.47547425937564
62.49999999999997
60.50219008404432
60.50219008404432
60.50219008404432
60.50219008404432
60.50219008404432
62.49999999999997
60.50219008404432
60.50219008404432
57.480335498049335
57.480335498049335
57.480335498049335
60.50219008404432
60.50219008404432
59.47547425937564
59.47547425937564
59.47547425937564
59.47547425937564
57.69258284905615
59.47547425937564
57.69258284905615
62.49999999999997
57.480335498049335
57.480335498049335
57.480335498049335
62.49999999999997
62.49999999999997
62.49999999999997
60.50219008404432
60.50219008404432
60.50219008404432
60.50219008404432
60.50219008404432
60.50219008404432
60.50219008404432
62.49999999999997
62.49999999999997
62.49999999999997
62.49999999999997
62.49999999999997
62.49999999999997
62.49999999999997
62.49999999999997
62.49999999999997
62.49999999999997
62.49999999999997
62.49999999999997
60.50219008404432
60.50219008404432
60.50219008404432
60.50219008404432
60.50219008404432
60.50219008404432
60.50219008404432
60.50219008404432
60.50219008404432
60.50219008404432
57.69258284905615
57.69258284905615
57.69258284905615
57.69258284905615
57.69258284905615
57.69258284905615
57.69258284905615