Model: RF
MSE: 1.6071213504824602
MAE: 1.0903809443387882
Predictions:
45.295028568407744
47.92565092664952
47.92565092664952
47.92565092664952
47.92565092664952
47.92565092664952
47.92565092664952
47.92565092664952
47.92565092664952
47.92565092664952
47.92565092664952
47.92565092664952
47.92565092664952
47.92565092664952
47.92565092664952
47.92565092664952
47.92565092664952
47.92565092664952
47.92565092664952
47.92565092664952
47.92565092664952
47.92565092664952
47.92565092664952
47.92565092664952
47.92565092664952
47.92565092664952
47.92565092664952
50.620583198109
50.620583198109
50.620583198109
50.620583198109
50.620583198109
50.620583198109
50.620583198109
50.620583198109
50.620583198109
50.620583198109
50.620583198109
50.620583198109
50.620583198109
50.620583198109
50.620583198109
50.620583198109
50.620583198109
50.620583198109
50.620583198109
50.620583198109
50.620583198109
50.620583198109
50.620583198109
50.620583198109
50.620583198109
50.620583198109
53.20896034379979
53.20896034379979
61.891296401515156
61.891296401515156
61.27141552990366
61.27141552990366
61.27141552990366
61.27141552990366
61.27141552990366
61.27141552990366
61.27141552990366
61.27141552990366
61.27141552990366
61.27141552990366
61.27141552990366
61.27141552990366
61.27141552990366
61.27141552990366
61.27141552990366
61.27141552990366
61.27141552990366
61.27141552990366
61.27141552990366
61.27141552990366
61.27141552990366
61.27141552990366
61.27141552990366
61.27141552990366
61.27141552990366
61.27141552990366
61.27141552990366
61.27141552990366
61.27141552990366
61.27141552990366
61.27141552990366
61.27141552990366
61.27141552990366
61.27141552990366
61.27141552990366