Model: XGB
MSE: 0.8302216230167384
MAE: 0.5899158477783203
Predictions:
10.3110075
10.499262
13.32954
10.203565
10.271033
9.272961
9.202323
9.217854
8.910695
8.537451
9.449561
9.430799
9.43461
8.818598
10.058346
10.143235
10.482204
10.388426
10.315687
11.27611
11.690022
11.731566
11.516397
11.461887
11.845849
11.866276
11.880597
11.986341
11.83578
12.417818
12.271542
11.7459
12.0954
12.02146
11.882848
11.895802
12.445276
12.722661
12.517343
12.472382
12.421085
12.704187
13.251189
13.197529
13.26382
13.114695
13.18056
13.15581
13.133834
13.207224
13.122002
13.117754
13.117754
13.116683
13.068457
12.926039
12.926039
13.033053
13.033053
13.021623