Model: SARIMA
MSE: 9.881857486900346
MAE: 2.716760881580544
Predictions:
56.05411390538094
55.89896892833637
55.763257999929635
55.63104939206411
55.502252719615186
55.37677993004623
55.254545243211005
55.13546509270956
55.019458068757665
54.90644486253055
54.79634821194301
54.689092848828764
54.58460544748296
54.48281457453266
54.383650640101074
54.287045850232
54.19293416054218
54.10125123106967
54.01193438228748
53.924922552252404
53.84015625485967
53.757577539174946
53.6771299498159
53.59875848835613
53.52240957572524
53.44803101557918
53.375571958615986
53.304982867812306
53.236215484557235
53.16922279566
53.103959001209134
53.04037948326117
52.9784407753373
52.9181005327073
52.85931750344034
52.802051500202836
52.74626337278423
52.691914981331664
52.638969170275544
52.58738974292787
52.53714143673619
52.48818989917621
52.44050166426645
52.39404412968907
52.34878553450113
52.30469493742104
52.26174219567537
52.21989794439161
52.17913357652273
52.139421223289744
52.10073373512917
52.063044663132004
52.02632824096182
51.99055936723946
51.95571358838239
51.92176708188678
51.88869664004121
51.856479654060564
51.8250940986294
51.794518516844235
51.76473200554442
51.73571420102158