Model: XGB
MSE: 15.991918572320907
MAE: 3.3193772838961695
Predictions:
37.49801
45.113007
47.667095
48.270374
48.29745
40.08404
38.4248
37.51466
38.799637
40.28119
39.820477
45.951927
45.15612
43.918884
46.328617
42.937126
42.140297
42.599037
43.474533
44.63227
45.755257
36.564415
36.91241
39.721413
36.721714
34.107773
33.84063
37.56584
37.41179
39.623005
39.634857
35.738213
41.211796
41.95651
40.687542
40.91941
42.218502
45.382397
49.81407
52.39354
50.411808
47.77968
45.557858
45.466953
47.375965
49.409622
48.67445
55.079224
55.118046
54.35374
54.84455
54.570908
54.477177
54.477177
54.477177
54.522957
54.522957
54.5484
54.5484
54.5484
54.5484
54.5484