Model: PROPHET
MSE: 1452.5083132815673
MAE: 31.682412762551827
Predictions:
123.55658982229784
123.35106576595552
120.62546818140271
119.20191504616139
111.88614449643507
107.41677395240987
105.35647142792129
98.90834605307201
95.36263640265305
89.70183509602822
85.83348466748417
76.6387454480086
70.91936073499271
68.28683662477503
61.977204394126886
59.296495063189425
55.225104272956
53.65030953875138
47.415054204227786
45.26562298797237
46.74201205833122
44.994333345576585
47.23034152721013
48.322208696728254
52.04174517351813
51.112108445657185
54.1585460874357
60.601892031336845
63.47807019484314
69.88860845683291
74.61020524599061
81.33246949861946
82.71180554498297
87.32392761942948
94.55867327383007
97.44033208987638
103.07846867382912
106.27727249034345
110.7725601988268
109.28442146201895
110.46802631386397
113.80630982057916
112.42780865407306
113.55469692565339
112.10913042309991
111.94710757103567
105.9079244821065
102.76182989373476
102.0996822697493
97.14796663216684
95.21429548374614
91.29157187967766