Model: LSTM
MSE: 1.2552782501179998
MAE: 1.1203920073428397
Predictions:
29.245392
29.245392
29.245392
29.245392
29.245392
29.245392
29.245392
29.245392
29.245392
29.245392
29.245392
29.245392
29.245392
29.245392
29.245392
29.245392
29.245392
29.245392
29.245392
29.245392
29.245392
29.245392
29.245392
29.245392
29.245392
29.245392
29.245392
29.245392
29.245392
29.245392
29.245394
29.245394
29.245392
29.245392
29.245392
29.245392
29.245392
29.245392
29.245392
29.245392
29.245392
29.245392
29.245392
29.245392
29.245392
29.245392
29.245392
29.245392
29.245392
29.245392
29.245392
29.245392
29.245392
29.245392
29.245392
29.245392
29.245394
29.245394
29.245394