Model: LSTM
<<<<<<< HEAD
MSE: 6.7310812391393675
MAE: 1.6089682085760708
Predictions:
27.924181
27.924181
29.693913
30.09332
30.29959
30.602287
30.602287
30.602287
30.602287
36.74863
38.220406
38.851685
38.88204
38.88204
38.88204
38.88204
36.44841
35.59563
35.12654
35.017105
35.017105
35.017105
32.468918
31.556234
31.04337
30.602287
30.602287
30.602287
30.602287
30.602287
36.74863
38.220406
36.08666
35.59563
35.12654
35.017105
35.017105
34.509228
34.335346
34.242657
32.101078
30.041101
29.109991
28.34299
27.924181
27.924181
27.924181
27.924181
27.924181
27.924181
27.924181
32.517006
33.46755
33.9227
34.197388
34.197388
34.197388
32.101078
=======
MSE: 4.023747666358961
MAE: 1.243687665020978
Predictions:
39.099594
35.441826
34.89754
34.618034
34.82342
34.82342
34.16341
34.034657
33.990997
31.31243
29.107586
28.840193
28.650045
28.175095
28.175095
28.175095
28.175095
28.175095
28.175095
28.175095
34.02888
34.005333
33.82848
34.020256
34.020256
34.020256
31.31243
>>>>>>> 468eafcd640fa16da1a94df5071eb1aed20cf7ad
