Model: RF
MSE: 1.6205173812612712
MAE: 0.2547719223383288
Predictions:
18.209145377934988
28.218753877342884
28.218753877342884
28.218753877342884
28.218753877342884
28.218753877342884
28.218753877342884
28.218753877342884
28.218753877342884
28.218753877342884
28.218753877342884
28.218753877342884
28.218753877342884
28.218753877342884
28.218753877342884
28.218753877342884
28.218753877342884
28.218753877342884
28.218753877342884
28.218753877342884
28.218753877342884
28.218753877342884
28.218753877342884
28.218753877342884
28.218753877342884
28.218753877342884
28.218753877342884
28.218753877342884
28.218753877342884
28.218753877342884
28.218753877342884
28.218753877342884
28.218753877342884
28.218753877342884
28.218753877342884
28.218753877342884
28.218753877342884
28.218753877342884
28.218753877342884
28.218753877342884
28.218753877342884
28.218753877342884
28.218753877342884
28.218753877342884
28.218753877342884
28.218753877342884
28.218753877342884
28.218753877342884
28.218753877342884
28.218753877342884
28.218753877342884
28.218753877342884
28.218753877342884
28.218753877342884
28.218753877342884
28.218753877342884
28.218753877342884
28.218753877342884
28.218753877342884
28.218753877342884
28.218753877342884