Model: LSTM
<<<<<<< HEAD
MSE: 33.59610350736433
MAE: 3.3490660531180247
Predictions:
25.233927
34.91178
38.644474
42.251656
46.332916
51.253056
47.85768
46.506508
44.885147
42.926033
40.87006
40.87006
40.87006
40.87006
40.87006
40.87006
40.87006
40.87006
40.87006
40.87006
40.260033
39.92793
39.536198
39.073727
39.355263
40.132084
41.079895
42.16013
43.260674
43.260674
43.260674
39.54326
38.070366
36.841763
35.586422
34.27714
33.524376
33.131504
32.916195
33.43403
32.637512
32.40008
32.900837
33.16484
33.051613
33.22093
33.387962
33.387962
29.952497
27.829556
26.45201
25.658728
25.233927
25.233927
25.233927
25.233927
=======
MSE: 35.45177539666981
MAE: 3.354442664555141
Predictions:
24.88946
33.8674
37.962376
42.037457
46.75756
52.4256
48.669243
47.37715
45.610695
43.546093
41.289337
41.289337
41.289337
41.289337
41.289337
41.289337
41.289337
41.289337
41.289337
41.289337
40.637794
40.324123
39.89964
39.409306
39.64526
40.459194
41.48207
42.641785
43.83045
43.83045
43.830444
39.851112
38.28674
37.06526
35.77592
34.37286
33.582607
33.183537
32.96971
33.524906
32.657455
32.422676
32.951584
33.240158
33.09433
33.27058
33.456276
33.456276
29.84961
27.649313
26.246918
25.415386
24.88946
24.88946
24.88946
24.88946
>>>>>>> 468eafcd640fa16da1a94df5071eb1aed20cf7ad
