Model: PROPHET
MSE: 421.618089403773
MAE: 16.617903058090725
Predictions:
48.192866033856895
48.920597358447914
49.428078274643525
50.027326510991024
51.08137313827999
51.99572713584585
53.10394421176397
54.34326887149713
55.88515930142715
57.168793896901235
58.481896958712255
60.162748241753334
61.59230344252747
63.08045635075982
64.54239336698106
66.12983016326672
67.26520856615731
68.22317005966853
69.33314971039519
69.97199759859558
70.45063998955179
70.69071457749905
70.85595589932815
70.38639851562598
69.57970750417661
68.79347718295715
67.43740646237873
65.85936869463383
64.02132029928913
62.12983839059067
59.66937305687664
56.98254543589185
54.4713571539979
51.58824663571142
48.72103903005654
45.86776392600342
43.266161184840016
40.425990014218684
37.708500433130766
35.52695840874573
33.337182811392545
31.52215978523093
30.066723143498987
29.187130617270636
28.36365525594144
27.92054971862706
28.227267639544152
28.689887479083456
29.636786296135597
30.994528825969645
32.918773919209386
34.82828596902914
36.986374269643065
39.70360744395353
42.33071001392689
45.14564992958835
48.0308445783187
51.10525126460069
53.759396527488924
56.23763773702302
58.84147922965323
60.922830557812645
62.77120217200292
64.29075902909993
65.63199785811591
66.22610908058739
66.36633028013523
66.41013350472497
65.77116013458898
64.80493031735008
63.4842839039657
62.02935890360096
59.94021156296678
57.576429776019516
55.35762744351208
52.75377816745874
50.16945804393256
47.61799419018134
45.3503605654632
42.88695557007004
40.59663747115651
38.896922861473044
37.24431682183481
36.01884718258083
35.19879434803346
34.990445329069786
34.86098608119969
35.118880813881674
36.11560976856637
37.237694949139346
38.79304253930547
40.68754647101259