Model: SARIMA
MSE: 131.81089649037457
MAE: 9.998945579101624
Predictions:
46.266227161134594
47.28701639470844
47.70113268574729
47.869132402891026
47.93728694201715
47.96493604335177
47.976152798896074
47.98070323991829
47.98254927404241
47.98329817771368
47.9836019948
47.98372524806405
47.983775249751844
47.98379553455973
47.983803763750565
47.983807102188976
47.983808456534895
47.983809005969285
47.983809228865184
47.98380931929014
47.98380935597396
47.98380937085594
47.9838093768933
47.98380937934255
47.98380938033617
47.98380938073926
47.98380938090279
47.98380938096913
47.98380938099604
47.983809381006964
47.98380938101139
47.98380938101319
47.98380938101391
47.98380938101421
47.98380938101433
47.98380938101438
47.9838093810144
47.98380938101441
47.98380938101441
47.98380938101441
47.98380938101441
47.98380938101442
47.98380938101442
47.98380938101442
47.98380938101442
47.98380938101442
47.98380938101442
47.98380938101442
47.98380938101442
47.98380938101442
47.98380938101442
47.98380938101442
47.98380938101442
47.98380938101442
47.98380938101442
47.98380938101442
47.98380938101442
47.98380938101442
47.98380938101442
47.98380938101442
47.98380938101442
47.98380938101442
47.98380938101442
47.98380938101442
47.98380938101442
47.98380938101442
47.98380938101442
47.98380938101442
47.98380938101442
47.98380938101442
47.98380938101442
47.98380938101442
47.98380938101442
47.98380938101442
47.98380938101442
47.98380938101442
47.98380938101442
47.98380938101442
47.98380938101442
47.98380938101442
47.98380938101442
47.98380938101442
47.98380938101442
47.98380938101442
47.98380938101442
47.98380938101442
47.98380938101442
47.98380938101442
47.98380938101442
47.98380938101442
47.98380938101442
47.98380938101442
47.98380938101442
47.98380938101442
47.98380938101442
47.98380938101442
47.98380938101442
47.98380938101442
47.98380938101442
47.98380938101442
47.98380938101442
47.98380938101442
47.98380938101442
47.98380938101442
47.98380938101442
47.98380938101442
47.98380938101442
47.98380938101442
47.98380938101442
47.98380938101442
47.98380938101442
47.98380938101442
47.98380938101442
47.98380938101442
47.98380938101442
47.98380938101442
47.98380938101442
47.98380938101442
47.98380938101442
47.98380938101442
47.98380938101442
47.98380938101442
47.98380938101442
47.98380938101442
47.98380938101442
47.98380938101442
47.98380938101442
47.98380938101442
47.98380938101442
47.98380938101442
47.98380938101442
47.98380938101442
47.98380938101442
47.98380938101442
47.98380938101442
47.98380938101442
47.98380938101442
47.98380938101442
47.98380938101442
47.98380938101442
47.98380938101442
47.98380938101442
47.98380938101442
47.98380938101442
47.98380938101442
47.98380938101442
47.98380938101442
47.98380938101442
47.98380938101442
47.98380938101442
47.98380938101442
47.98380938101442
47.98380938101442
47.98380938101442
47.98380938101442
47.98380938101442
47.98380938101442
47.98380938101442
47.98380938101442
47.98380938101442
47.98380938101442
47.98380938101442
47.98380938101442
47.98380938101442
47.98380938101442
47.98380938101442
47.98380938101442
47.98380938101442
47.98380938101442
47.98380938101442
47.98380938101442
47.98380938101442
47.98380938101442
47.98380938101442
47.98380938101442
47.98380938101442
47.98380938101442
47.98380938101442
47.98380938101442
47.98380938101442
47.98380938101442
47.98380938101442
47.98380938101442
47.98380938101442
47.98380938101442
47.98380938101442
47.98380938101442
47.98380938101442
47.98380938101442
47.98380938101442
47.98380938101442
47.98380938101442
47.98380938101442
47.98380938101442
47.98380938101442
47.98380938101442
47.98380938101442
47.98380938101442
47.98380938101442
47.98380938101442
47.98380938101442
47.98380938101442
47.98380938101442
47.98380938101442
47.98380938101442
47.98380938101442
47.98380938101442
47.98380938101442
47.98380938101442
47.98380938101442
47.98380938101442
47.98380938101442