Model: PROPHET
MSE: 109.51217751425094
MAE: 8.603649566829757
Predictions:
36.84127286513641
37.83623090868137
38.6680645145426
39.499070539584324
40.6097100391831
41.672045782554264
42.85621523944174
44.02713839044855
45.37744770748765
46.491598869580756
47.5229384139265
48.744203817261756
49.82115028244596
50.91918513759151
51.90020543508343
52.95562307860294
53.67053383785954
54.20080510322737
54.82355740788038
55.21073440632009
55.53564349027638
55.66966472079625
55.815115252530056
55.569229135564555
55.101031456659435
54.701586435943575
54.05731912000715
53.356298047831416
52.48468188360815
51.65932250499992
50.491489622772434
49.16350084988164
47.9787414544091
46.634777626134635
45.329454313633974
43.95718373467088
42.741419537251446
41.29828352482288
39.81313003472687
38.59053270986193
37.32739734939914
36.219091132312855
35.15579297665411
34.35505814898594
33.42556171336504
32.543803192651936
32.00425414662648
31.492649073834343
31.192306483993775
30.98068136322418
31.06213858228057
31.031908314920873
31.053002418028598
31.406570209819467
31.765390981819706
32.300387253311946
32.87735741280743
33.68991499942545
34.32359368674662
34.932895214536224
35.79175729678499
36.56713772739659
37.42559786300311
38.23008357236566
39.172890611968754
39.839773446081374
40.386974948915295
41.09165443483609
41.625410871065135
42.16078529315567
42.567941555469694
43.047513616900474
43.19457981586653
43.17554320139796
43.278397187012075
43.1860753916858
43.0827718828862
42.8504333265024
42.701413783715346
42.24225530069593
41.65037618131183
41.22414913785709
40.65607118453826
40.13891452199541
39.56206293815367
39.14402742155313
38.49610696815111
37.79897912504466
37.35270487399517
36.84985181724968
36.481626637217765
36.13422264267831
36.021376891860704
35.74810312420571
35.48738470999561
35.530311270625866
35.559361347625675
35.75471986927638
35.99083337717009
36.46919405270203
36.78231476830219
37.09067486946575
37.67311541728602
38.20038101783061
38.84169151135393
39.46154089998276
40.25270898710209
40.80044253480879