Model: LSTM
MSE: 0.11523463972844183
MAE: 0.3394622802734375
Predictions:
40.285538
40.285538
40.285538
40.285538
40.285538
40.285538
40.285538
40.285538
40.285538
40.285538
40.285538
40.285538
40.285538
40.285538
40.285538
40.285538
40.285538
40.285538
40.285538
40.285538
40.285538
40.285538
40.285538
40.285538
40.285538
40.285538
40.285538
40.285538
40.285538
40.285538
40.285538
40.285538
40.285538
40.285538
40.285538
40.285538
40.285538
40.285538
40.285538
40.285538
40.285538
40.285538
40.285538
40.285538
40.285538
40.285538
40.285538
40.285538
40.285538
40.285538
40.285538
40.285538
40.285538
40.285538
40.285538
40.285538