Model: SARIMA
MSE: 7.940463365708535
MAE: 2.593093557547407
Predictions:
30.801451360743293
30.381625967361845
29.988684499029766
29.62090541760892
29.27667742532065
28.954492405397705
28.652938814788442
28.37069549996552
28.106525908745333
27.859272672759126
27.62785253684084
27.41125161311654
27.208520939002742
27.018772319652673
26.84117443663549
26.674949205799976
26.51936836836597
26.37375030030855
26.23745702605638
26.109891423420773
25.99049460750983
25.878743482166175
25.774148448200705
25.676251258381857
25.584623009782682
25.498862264689915
25.418593291842463
25.343464420293888
25.273146498686874
25.207331453189582
25.145730937775895
25.088075070936338
25.034111253284863
24.983603060881386
24.936329209421455
24.89208258475504
24.850669335487005
24.811908023683742
24.77562882996519
24.741672809499516
24.709891195640882
24.680144748159496
24.652303143208318
24.626244402353887
24.60185435816968
24.579026154050734
24.557659776058127
24.53766161474223
24.518944055025038
24.5014250923448
24.485027973381168
24.469680859786898
24.45531651345277
24.441872001926917
24.429288422697883
24.417510645133493
24.406487068944912
24.39616939811771
24.38651242931943
24.377473853856742
24.36901407231439