Model: PROPHET
MSE: 1232.1148470935443
MAE: 29.218854309149418
Predictions:
82.07240976545752
86.4288198371598
87.04424046410094
89.94904846284368
93.93345934820773
96.26064056909583
98.79552593719652
100.77416390538768
103.70200420041135
102.50222821653152
103.22375392535494
104.68442445284093
104.18373844345868
103.63105120253005
102.31408994837514
101.79620446849133
97.0634811382524
94.2313788545087
92.18642840644465
88.29738954207377
84.54183370407877
80.27303657978875
77.11564332515178
70.11127562734458
65.42377888861843
61.97968821937618
57.17834106812076
53.01763349077359
48.860327862557504
46.32939248683311
40.45355326406909
37.372759746024435
35.97914117671196
33.62787015305787
32.263913816632744
31.189556794330592
31.961146845001647
29.536208710094304
29.98058955270341
32.11116938158428
33.208509731031384
35.14537515931965
37.15596665244179
40.73427417954002
40.78265277814789
43.3202481284766
47.12677229168379
49.45597574836039
52.164729487766614
54.4825423103262
57.90991393381816
57.36662907732559