Model: TRANSFORMER
MSE: 0.0619379529125581
MAE: 0.19306970076127486
Predictions:
21.325619
21.325619
21.825146
21.825146
21.825146
22.319328
22.319328
22.319328
22.836203
22.836203
22.836203
23.385963
23.385963
23.385963
23.385963
23.944471
23.944471
23.944471
23.944471
23.944471
24.514473
24.514473
24.514473
24.514473
24.514473
24.514473
25.113495
25.113495
25.113495
25.113495
25.113495
25.113495
25.113495
25.113495
25.113495
25.113495
25.70609
25.70609
25.70609
25.70609
25.70609
25.70609
25.70609
25.70609
25.70609
25.70609
25.70609
25.70609
25.70609
25.70609
25.70609
25.70609
25.70609
25.70609
25.70609