Model: SARIMA
MSE: 187.1652303558894
MAE: 10.539971262501677
Predictions:
52.79392663587137
52.87014694443701
52.90993283244647
52.93070048498541
53.18008757928898
53.18574611570918
53.18869978908769
52.951694880505315
52.95249966421183
52.952919749554184
52.953139027968305
52.9532534880983
52.92804076971005
52.93389022908934
52.936943561464396
52.9385373563757
52.95757874042816
52.95801299974249
52.95823967676299
52.940148552474184
52.94021031487962
52.94024255395333
52.94025938227901
52.94026816641927
52.93834357955684
52.93879011043968
52.93902319303973
52.93914485875321
52.94059838344954
52.94063153355494
52.94064883742587
52.93926785282319
52.93927256758735
52.93927502862539
52.93927631325131
52.939276983807275
52.939130070597415
52.93916415651013
52.9391819488588
52.93919123620499
52.939302190924096
52.93930472143575
52.939306042325875
52.939200624951205
52.93920098485249
52.93920117271571
52.93920127077756
52.93920132196442
52.939190107353575
52.93919270929963
52.93919406747747
52.939194776426476
52.93920324614814
52.93920343931459
52.93920354014466
52.93919549311585
52.93919552058888
52.93919553492941
52.93919554241496
52.93919554632231
52.939194690255675
52.939194888875065
52.93919499255149
52.93919504666906
52.939195693204745
52.93919570795009
52.939195715646946
52.93919510137749
52.939195103474646
52.939195104569336
52.93919510514074
52.93919510543901
52.939195040091214
52.93919505525281
52.93919506316695
52.93919506729801
52.93919511665128
52.939195117776855
52.939195118364395
52.939195071474174
52.93919507163426
52.93919507171782
52.93919507176143
52.93919507178421
52.93919506679589
52.93919506795325
52.93919506855737
52.93919506887271
52.93919507264009
52.939195072726015
52.939195072770865
52.939195069191506