Model: TRANSFORMER
MSE: 399.276825417908
MAE: 8.920578676111559
Predictions:
81.84551
81.84551
81.84551
81.84551
81.84551
81.84551
81.84552
81.84552
81.84551
81.84551
81.84551
81.84551
81.84551
81.84551
75.55502
58.966106
58.96611
58.96611
58.96611
58.96611
58.96611
58.96611
58.966106
63.945885
63.945885
58.96611
58.96611
58.96611
58.96611
58.96611
55.35496
52.495243
52.495243
52.495243
140.5383
140.5383
140.5383
128.8351
128.8351
128.8351
128.8351
128.8351
128.8351
111.05092
111.05092
52.495243
140.5383
140.5383
140.5383
128.83508
140.5383