Model: PROPHET
MSE: 1722.071720565299
MAE: 35.38099090173676
Predictions:
159.9080769093662
158.16689877684107
150.17921033374523
147.31078323757217
145.12606778937894
139.56162497972463
136.90126801245566
127.94392286783935
127.20027070707316
121.01163143469304
120.71527212481536
121.82445372063923
120.20289521850835
122.04161123300386
118.02908979500208
122.55081132494753
121.81148881426277
127.00411848283966
133.49404745942488
136.99762153162303
143.56324680952105
143.7457078274205
151.8096201186887
153.85527948639043
160.9908880632916
168.5192664741176
172.11853281279184
177.8245173842654
176.20571030340082
181.56659548299086
180.0726305030517
182.92087170547768
185.52439461349763
183.69005163123057
183.59741597675205
175.96980545821373
175.27334990128716
167.8374825934853
165.02098306631575
162.3918526825028
155.90069591450606
151.85558293157578
141.08940578617486
138.15579920703124
129.44709891387055
126.35853991885033
124.46703177215579
119.70421779099476
118.3318056450089
111.11017053397518
112.4962683615438
108.76427657884109