Model: PROPHET
MSE: 3374.648852969125
MAE: 55.50155072806331
Predictions:
181.41039303937316
181.7793004974162
181.73745350314312
185.05347957987425
180.60482484594104
178.50219130037317
177.11071163128776
172.9743723194615
171.30520869489865
169.38519280970948
171.0215811059225
165.12646051329384
161.84026949401
159.55217326575817
154.82382719785434
152.87807157599994
151.0004938648765
152.99463597253785
147.76159060180308
145.42376338868496
144.34567493457493
141.05832640389136
140.74865662290915
140.66200701347657
144.5583480704001
141.2929843222757
140.9414847325551
141.8216811306789
140.4192259384343
141.87820473829711
143.4046885603845
148.72394995864653
146.66203283768303
147.2713994330811
148.85347757709087
147.88458470656582
149.50671442688542
150.93106612874817
155.89504283156225
153.24341377207963
153.05337696884087
153.65636165942144
151.56306829454792
151.95325699036644
152.07819317103554
155.71650615657975
151.75418927219968
150.30850933302236
149.7486976637682
146.6199513229442
146.13228426298699
145.56216301777354