Model: SARIMA
MSE: 83.83300912000105
MAE: 8.498997737736287
Predictions:
37.43656131649264
37.280673129790245
37.282772686085934
37.18042763602381
37.21036397491672
37.13520064352159
37.17572121667496
37.11534708409061
37.15864886682877
37.10715239940197
37.14979180071299
37.10427528051442
37.1448132197285
37.10378677100933
37.14169970369281
37.10433690911385
37.13951374513644
37.10530615142922
37.13781629036602
37.106412624489764
37.13639941305891
37.10753036482104
37.13516254329287
37.10860521767418
37.134055147384
37.10961593708433
37.13305016851072
37.1105562062409
37.132131707910695
37.1114263392713
37.131289299681484
37.1122294623955
37.13051523943432
37.11296976670772
37.129803328192
37.113651718239815
37.12914827292532
37.11427970963286
37.128545392464495
37.11485791484288
37.12799046608065
37.11539023656004
37.12747964932038
37.11588029537716
37.12700942208841
37.116331437210036
37.12657655268639
37.11674674817847
37.12617807018501
37.11712907203136
37.12581124152586
37.11748102791253
37.12547355161551
37.11780502751367
37.12516268554393
37.11810329123428
37.12487651246683
37.118377863229114
37.12461307088449
37.118630625339485
37.12437055514398