Model: PROPHET
MSE: 6237.95664271621
MAE: 61.10713028816067
Predictions:
133.92439674586404
135.8319231157841
135.10148220291808
135.08990581407596
141.76210644611598
146.45243921284168
152.24867672777935
156.07883826944004
161.83402474880654
164.7236066655315
168.00145238581814
177.5354265275554
184.57159734026905
192.12085909803355
197.04813102918405
203.19721167260627
205.74757260378027
207.94172696341278
215.65536365095306
220.16166138821325
224.51747908166888
225.65158992556826
227.48805952133182
225.30108831602226
222.44000418768746
224.8966591160438
224.0667181632162
223.13262009045098
219.14846648688984
216.16003311170763
209.55631849350047
202.79140894089556
201.94900310833088
198.501166829546
195.68917089497518
190.60673069959006
187.31889036536626
181.21300066485878
175.72058850505937
176.88246343746977
176.10861780858036
176.56074304564595
175.237635545377
176.09667528276245
174.40775461115365
173.47837281207973
179.22215164359466
182.9222328338136
187.61728162886635
190.19027157591267
194.49313829174787
195.70358998432533
197.05270883105584
204.39552760918073
208.97598432245485
213.81393507081123
215.79437209698042