Model: RF
MSE: 4935.327804203412
MAE: 56.007437558356735
Predictions:
71.0605032467533
275.8166666666666
278.01666666666654
282.4666666666666
286.26666666666654
293.96666666666664
308.1916666666666
304.375
294.32499999999993
274.6249999999999
272.17499999999984
275.0999999999999
275.0999999999999
275.0999999999999
275.0999999999999
275.0999999999999
284.46666666666664
282.91666666666663
268.1691666666666
268.5764193404634
268.5764193404634
268.75238087892495
268.5998296311531
268.59079116961465
268.58579116961465
268.5617527080762
261.2417527080762
237.6917527080762
237.6917527080762
237.6917527080762
237.6917527080762
237.6917527080762
237.6917527080762
237.6917527080762
237.6917527080762
237.6917527080762