Model: TRANSFORMER
MSE: 120.24776367159303
MAE: 4.977176341604679
Predictions:
49.29389
49.29389
49.29389
49.29389
49.29389
49.29389
49.29389
49.29389
49.29389
49.29389
37.105797
37.105797
37.105797
49.29389
49.29389
49.29389
49.29389
49.29389
49.29389
49.29389
49.29389
39.115578
39.115578
39.115578
39.115578
39.115578
39.115578
39.115578
39.115578
39.115578
54.664074
54.664074
54.664078
54.664078
54.664078
54.664078
54.664078
54.664078
54.664078
54.664078
54.664078
39.115578
92.8755
54.664078
54.664074
54.664074
54.664074