Model: TRANSFORMER
MSE: 153.0908897903629
MAE: 6.281149356923205
Predictions:
163.0203
163.0203
163.0203
163.0203
163.0203
163.0203
163.0203
163.0203
163.0203
163.0203
163.0203
93.560616
93.560616
93.560616
93.560616
93.560616
93.560616
93.560616
93.560616
93.560616
82.17706
82.17706
82.17706
82.17706
64.90447
64.90447
64.90447
64.90447
67.01815
67.01815
67.01815
67.01815
67.01815
67.01815
67.01815
73.04403
73.04403
73.04403
73.04403
73.04403
73.04403
73.04403
73.04403
73.04403
73.04403
73.04403
73.04403