Model: XGB
MSE: 1.6799124902335398
MAE: 1.1144444424173106
Predictions:
46.87497
50.00469
48.212715
48.212715
48.212715
48.212715
48.212715
48.212715
48.212715
48.212715
48.212715
48.212715
48.212715
48.212715
48.212715
48.212715
48.212715
48.212715
48.212715
48.212715
48.212715
48.212715
48.212715
48.212715
48.212715
48.212715
48.212715
49.99268
50.77559
50.77559
50.77559
50.77559
50.77559
50.77559
50.77559
50.77559
50.77559
50.77559
50.77559
50.77559
50.77559
50.77559
50.77559
50.77559
50.77559
50.77559
50.77559
50.77559
50.77559
50.77559
50.77559
50.77559
50.77559
53.172222
53.201607
59.62703
61.431034
60.963192
61.457134
61.457134
61.457134
61.457134
61.457134
61.457134
61.457134
61.457134
61.457134
61.457134
61.457134
61.457134
61.457134
61.457134
61.457134
61.457134
61.457134
61.457134
61.457134
61.457134
61.457134
61.457134
61.457134
61.457134
61.457134
61.457134
61.457134
61.457134
61.457134
61.457134
61.457134
61.457134
61.457134
61.457134