Model: LSTM
MSE: 26.39311377542196
MAE: 3.984067834340609
Predictions:
53.83748
53.83748
53.83748
53.83748
53.83748
53.83748
57.51977
57.967552
58.84636
59.97131
59.97131
59.97131
59.97131
59.97131
59.97131
59.97131
59.97131
59.97131
59.97131
59.97131
59.97131
59.97131
59.97131
59.97131
59.97131
59.97131
59.97131
59.97131
59.97131
39.79701
38.97778
40.123264
33.34232
32.695816
32.695816
32.695816
32.695816
32.695816
32.695816
32.695816
32.695816
32.695816
32.695816
32.695816
32.695816
32.695816
32.695816
32.695816
32.695816
32.695816
32.695816
39.187126
35.4619
22.973597
27.418522
34.819405
31.515957
31.603113
32.695816
30.617065
32.70724
30.88863
30.455046
30.971514
30.506023
32.374058
30.451637
30.455046
30.971514
30.506023
30.506023
33.734417
34.416485
30.439325
35.71181
31.38577
30.544514
31.731024
30.506023
26.832525
30.21161
28.489307
27.888828
27.163889
26.66564
25.845787
23.40333
25.089495
24.782711
24.706587
23.40333
23.060322
26.708138
24.672846
29.330185
30.0466
29.639334
30.506023
30.506023
30.506023
30.506023
30.506023
36.026215
37.087124
35.917526
37.319996
31.383558
30.959658
31.731024
33.734417
32.397316
32.63812
33.34232
34.845734
34.887455
35.14881
33.209164
30.889166
31.184305
30.971514
30.506023
28.721016
28.727942
30.97244
32.302692
32.20708
32.42737
36.48131
37.331474
38.123894
33.798885
36.56477
39.239483
37.686817
43.10796
39.638004
43.59052
44.41998
47.872852
50.505962
52.005047
53.83748
53.83748
53.83748
57.51977
54.184326
54.972954
55.028316
53.83748
53.83748
57.51977
54.184326
54.972954
47.38642
46.960876
45.854084
49.03975
50.505962
52.00505
53.83748
53.83748
53.83748
53.83748
46.462593
54.212345
59.24975
45.69416
49.569153
49.713814
52.087555
56.291664
59.85235
56.975307
53.356194
52.238537
49.423283
48.33607
48.33607
51.686737
56.871395
59.16613
61.541542
63.254925
63.254925
63.254925
63.254925
63.254925
63.254925
63.254925
63.254925
63.25492
56.975307
57.481632
55.78498
53.83748
53.83748
53.83748
53.83748
53.83748
53.83748
53.83748
53.83748
53.83748
53.83748
53.83748
53.83748
53.83748
53.83748