Model: LSTM
<<<<<<< HEAD
MSE: 21.073918525988265
MAE: 3.8329451751708983
Predictions:
32.71288
34.583652
35.82159
36.767986
37.549694
37.549694
37.549694
37.549694
37.549694
37.549694
37.549694
37.549694
37.549694
37.549694
38.35814
38.099262
37.794025
32.62997
34.326622
35.297108
36.159847
36.50445
35.07575
32.53051
31.672892
=======
MSE: 18.25836921601818
MAE: 3.1484080505371095
Predictions:
34.219013
36.41038
37.42965
38.021656
38.525127
38.525127
38.525127
38.525127
38.525127
38.525127
38.525127
38.525127
38.525127
38.525127
39.59222
38.930885
38.64847
31.857311
34.594067
36.38631
37.66071
38.26068
35.21773
31.933039
31.369833
>>>>>>> 468eafcd640fa16da1a94df5071eb1aed20cf7ad
