Model: LSTM
MSE: 2.268930673606034
MAE: 0.507607184516059
Predictions:
49.436886
49.436886
49.436886
46.28008
36.977116
37.46928
37.46928
37.46928
37.46928
40.257988
46.10474
46.482567
46.482567
46.482567
46.482567
46.482567
46.482567
43.436615
43.56674
43.56674
43.56674
43.56674
43.56674
43.56674
43.56674
43.56674
43.56674
43.56674
43.56674
43.56674
43.56674
43.56674
37.5315
37.46928
37.46928
40.257988
40.584625
40.584625
40.584625
40.584625
40.584625
40.584625
40.584625
40.584625
40.584625
40.584625
37.747257
37.46928
37.46928
37.46928
37.46928
37.46928
37.46928
37.46928
37.46928
37.46928
37.46928
37.46928
37.46928
37.46928
37.46928
37.46928
37.46928
37.46928
37.46928
37.46928
37.46928
37.46928
37.46928
37.46928
37.46928
37.46928
37.46928
37.46928
37.46928
37.46928
37.46928
37.46928
37.46928
37.46928
37.46928
37.46928
37.46928
37.46928
37.46928
37.46928
37.46928
37.46928
37.46928
37.46928