Model: RF
MSE: 132.43803063466333
MAE: 7.944969072437786
Predictions:
93.49451714951715
102.716215467539
114.35156511788864
114.35156511788864
114.35156511788864
114.35156511788864
114.35156511788864
114.35156511788864
114.35156511788864
114.35156511788864
114.35156511788864
114.35156511788864
114.35156511788864
114.35156511788864
107.26513888888888
110.50371031746032
91.64071428571428
90.62238095238095
90.62238095238095
90.62238095238095
90.62238095238095
90.62238095238095
90.62238095238095
90.62238095238095
90.62238095238095
93.92917748917749
71.42091227400051
71.42091227400051
71.42091227400051
71.42091227400051
71.42091227400051
71.42091227400051
71.42091227400051
71.42091227400051
71.42091227400051
71.42091227400051
71.42091227400051
71.42091227400051
71.42091227400051
71.42091227400051
71.42091227400051
71.42091227400051
102.82761904761905
110.50371031746032
110.50371031746032
110.50371031746032
110.50371031746032