Model: PROPHET
MSE: 3819.6389759607687
MAE: 53.54507332514287
Predictions:
128.2804185907279
130.09063529495546
132.59143267774493
129.6177800497047
137.32989892858217
137.0435605788723
142.08018948698347
144.41998717250266
147.84845392483456
151.7979206505054
150.0548919041412
158.73420328097984
159.11074570009936
164.47091162316212
166.76693580063463
169.76446924601328
172.8849638593149
169.9136392264208
176.9740113963602
175.35971974180802
178.38579805846717
178.04256151002545
178.14245517738954
178.16145663957894
171.94582673767675
175.68521801176564
170.74291289813712
170.5053791597915
167.03435968354412
164.21189088092208
161.57989219287114
153.0451711024332
154.85090214170143
148.4053983116353
147.13040470484762
143.11216852597943
140.24571044854397
138.07396322262377
130.49263733402353
133.72187907932792
129.1355375682505
130.11025973662657
128.67764829425698
128.6698801933856
129.56041680987448
125.17062447650605
131.64332424718123