Model: RF
MSE: 851.6407160748599
MAE: 27.335987813995345
Predictions:
31.32449962619078
91.65000000000003
94.40000000000003
93.45000000000002
92.50000000000003
91.80000000000001
91.95
92.4
92.80000000000001
92.7
93.05000000000001
92.85
92.9
92.9
92.7
92.30000000000001
91.95000000000002
86.89999999999999
86.89999999999999
86.89999999999999
86.89999999999999
86.89999999999999
86.89999999999999
86.89999999999999
86.89999999999999
86.89999999999999
86.89999999999999
86.89999999999999
86.89999999999999
86.89999999999999
86.89999999999999
86.89999999999999
86.89999999999999
86.89999999999999
86.89999999999999
86.89999999999999
86.89999999999999
86.89999999999999
86.89999999999999
86.89999999999999
86.89999999999999