Model: SARIMA
MSE: 265.88671822213973
MAE: 13.283459900357913
Predictions:
46.671812107796924
48.197702832424795
49.59040868294865
50.86155448308868
52.02175040285586
53.080680520939964
54.04718365707464
54.92932714908169
55.734474190406935
56.469345290209375
57.140074369007166
57.75225995810692
58.3110119301746
58.82099415100511
59.28646340850191
59.711304943804436
60.09906488113917
60.4529798270843
60.77600388631096
61.07083331929978
61.339929047848955
61.5855371962259
61.80970783941813
62.01431211497375
62.201057841262894
62.371503772524875
62.52707260968682
62.66906287555429
62.7986597534954
62.91694498008803
63.02490587430362
63.12344357859336
63.21338058066471
63.295467578731945
63.370389747544564
63.438772457495645
63.5011864945472
63.55815282454289
63.610146941675495
63.657602837405555
63.70091662295938
63.74044983564332
63.77653245657172
63.80946566499755
63.839524352235706
63.866959416162615
63.891999855444276
63.914854680972994
63.935714660467475
63.95475391079835
63.97213135133026
63.98799203041121