Model: XGB
MSE: 1.7295095051252452
MAE: 0.7276495041385773
Predictions:
51.562748
55.886177
55.886177
55.886177
55.886177
59.374817
59.374817
59.374817
59.374817
59.374817
52.54922
52.54922
52.54922
52.54922
52.54922
52.54922
52.54922
52.54922
52.54922
55.13904
52.54922
52.54922
52.54922
52.54922
52.54922
52.54922
52.54922
52.54922
52.54922
52.54922
55.886177
55.886177
55.886177
55.886177
55.886177
55.886177
55.886177
55.886177
55.886177
55.886177
55.886177
55.886177
55.886177
55.886177
55.886177
55.886177
55.886177
55.886177
55.886177
55.886177
55.886177
55.886177
55.886177
55.886177
55.886177
55.886177
55.886177
55.886177
55.886177
55.886177
55.886177
55.886177