Model: XGB
MSE: 22.935055578475513
MAE: 3.422555959449624
Predictions:
35.009335
66.90394
60.975555
59.20211
61.952015
61.952015
61.952015
61.952015
61.952015
61.952015
61.952015
61.952015
61.952015
61.952015
61.952015
61.952015
68.56592
68.72403
68.73591
66.87816
66.87816
66.87816
66.87816
66.87816
66.87816
66.87816
66.87816
66.87816
66.87816
68.29955
68.66369
68.70661
68.73591
66.87816
67.85243
63.976612
63.04897
59.84198
58.313526
61.887283
56.77011
54.818584
54.581257
58.73838
58.174656
63.129066
62.993847
59.417988
58.57222
52.05707
54.744946
51.820564
52.197403
52.08352
54.34499
56.05005
56.673252
47.090477
56.577507
65.579994
59.63364
61.783398
62.820698
60.2742
64.881195
62.009243
59.830795
63.02313
66.1567
63.90883
62.26974
60.54516
62.26974
62.752575
64.88101
63.597736
63.976612
63.755108
61.397465
53.037052
59.035934
57.874912
55.558586
53.553722
61.911148
58.424194
51.76127
52.144436
52.07102
51.33571
43.588078
40.391567
44.614235
44.622734
51.58873
48.938686
50.149784
50.324074
50.324074
52.197403
52.08352
51.33571
50.498463
53.074062
50.324074
50.324074
50.324074
50.324074
41.024834
41.40035
44.614235
43.119453
45.977688
52.16023
52.391052
50.82318
50.324074
52.824173
54.98009
53.777134
52.357178
50.665962
51.66123
51.243347
41.024834
39.04399
41.411194
43.157185
42.5315
53.330647
52.800293
52.72306
53.037197
51.910946
52.032284
55.660854
57.91242
61.59823
52.974487
60.541965
60.736282
55.91355
62.420036
61.952015
61.952015
61.952015
61.952015
61.952015
61.952015
58.174656
63.129066
62.993847
57.694508
59.395893
63.311848
50.08011
52.710026
51.738937
52.615196
51.243347
52.197403
54.219673
55.864693
54.39618
45.355213
45.355213
45.355213
54.818584
48.014477
55.66365
56.77011
45.355213
45.355213
54.818584
57.11748
64.452034
64.291626
61.904026
63.02313
66.70766
62.820698
62.820698
62.820698
61.397465
59.84198
59.2564
61.952015
61.952015
61.952015
61.952015
61.952015
61.952015
61.952015
61.952015
61.952015
65.254944
66.67754
66.70766
62.820698
62.820698
62.820698
62.820698
62.820698
62.820698
62.820698
60.2742
59.84905
57.321754
45.355213
45.355213
45.355213
45.355213