Model: XGB
MSE: 316.77942828705875
MAE: 12.936524898447889
Predictions:
129.9958
148.91179
165.26437
181.82294
189.24734
173.03577
186.70158
186.70158
186.70158
186.70158
186.70158
186.70158
186.70158
186.70158
169.75963
154.17606
142.96156
150.71283
151.12518
150.97188
168.86295
159.5262
159.5262
159.5262
159.5262
156.91673
123.19756
122.16122
118.47599
118.74793
129.91858
129.91858
129.91858
129.91858
129.91858
129.91858
129.91858
129.91858
129.91858
129.91858
129.91858
129.91858
125.2069
137.06094
138.51228
138.52243
134.8687