Model: SARIMA
MSE: 6.270233699411041e-19
MAE: 7.915840312982196e-10
Predictions:
40.625000000631886
40.6250000007942
40.6250000007942
40.6250000007942
40.6250000007942
40.6250000007942
40.6250000007942
40.6250000007942
40.6250000007942
40.6250000007942
40.6250000007942
40.6250000007942
40.6250000007942
40.6250000007942
40.6250000007942
40.6250000007942
40.6250000007942
40.6250000007942
40.6250000007942
40.6250000007942
40.6250000007942
40.6250000007942
40.6250000007942
40.6250000007942
40.6250000007942
40.6250000007942
40.6250000007942
40.6250000007942
40.6250000007942
40.6250000007942
40.6250000007942
40.6250000007942
40.6250000007942
40.6250000007942
40.6250000007942
40.6250000007942
40.6250000007942
40.6250000007942
40.6250000007942
40.6250000007942
40.6250000007942
40.6250000007942
40.6250000007942
40.6250000007942
40.6250000007942
40.6250000007942
40.6250000007942
40.6250000007942
40.6250000007942
40.6250000007942
40.6250000007942
40.6250000007942
40.6250000007942
40.6250000007942
40.6250000007942
40.6250000007942
40.6250000007942
40.6250000007942
40.6250000007942
40.6250000007942
40.6250000007942
40.6250000007942