Model: PROPHET
MSE: 5478.657997878116
MAE: 57.13413738945038
Predictions:
180.4202870414779
185.18606250201125
186.98633898724995
186.80856011320446
196.2203278100653
198.0700704906445
210.07314355287792
213.73929475127653
222.02631726912102
226.76199356562867
228.81533174548423
239.65084098546856
242.0326946304231
253.6138445872115
255.8659219104104
261.7346648262996
263.0629143214219
260.76213677310176
266.3662000064411
262.73425415619823
267.63780676473635
262.68787529089974
260.9870278090276
254.54844094716475
244.46304040903738
242.44857031818492
231.54757321279595
229.70950745097463
218.71302545958335
211.81336274383065
201.1571006753768
187.94549328834833
183.9803164448732
172.35931724002162
171.05656748889407
161.84380051934787
157.93771395186803
151.41551015300558
143.3798487834056
145.5071298471101
140.74612203629695
146.90215571669626
145.56285618461223
149.75028007100707
151.34159392260224
151.23932761702576
160.92497416394164