Model: SARIMA
MSE: 224.05020378858984
MAE: 13.528364570827687
Predictions:
52.70597325318419
52.915841731410374
53.1070302019614
53.2812013380014
53.43986982121084
53.584415514236596
53.71609546068643
53.83605481702603
53.945336811447966
54.04489181632
54.135585613111495
54.21820692167382
54.293474259353424
54.36204218958782
54.4245070143255
54.48141195977407
54.5332519005744
54.58047766348478
54.62349994800199
54.662692898015145
54.698397355553176
54.730923824922215
54.76055517301056
54.78754908924447
54.8121403265878
54.83454274307438
54.85495116162736
54.87354306433942
54.89048013594825
54.905909669930075
54.919965849439414
54.93277091423474
54.94443622373818
54.955063225474305
54.964744337309895
54.9735637511672
54.981598165200154
54.98891745080091
54.995585260237384
55.00165958020606
55.007193236114105
55.012234351476245
55.01682676642157
55.02101041894983
55.02482169225278
55.02829373112113
55.031456730188665