Model: XGB
MSE: 1174.157227089358
MAE: 18.553738108852453
Predictions:
169.9934
181.6651
181.6651
181.6651
181.6651
181.6651
181.6651
181.6651
181.6651
181.6651
181.6651
181.6651
181.6651
181.6651
274.79153
274.79153
274.79153
274.79153
274.79153
274.79153
274.79153
119.27679
119.27679
119.27679
119.27679
119.27679
119.27679
119.27679
119.27679
119.27679
119.27679
119.27679
119.27679
119.27679
119.27679
181.6651
181.6651
181.6651
181.6651
181.6651
181.6651
148.28879
148.28879
148.28879
148.28879
148.28879
148.28879
148.28879
119.27679
148.28879
148.28879
148.28879
148.28879
148.28879
148.28879
148.28879
164.06032