Model: PROPHET
MSE: 53.15573377731698
MAE: 7.271725231526827
Predictions:
48.79347196691654
48.56263759969647
48.27677447905046
48.02107758398566
47.77285175115952
47.733537744064705
47.79239047780019
48.02296008846204
47.738181564295154
47.438838578481025
47.208757291330386
47.022402092446825
47.07706158273753
47.256727676907346
47.62881080179042
47.49948822771259
47.3624418211273
47.29433127639504
47.26266505054647
47.45824783744306
47.75929858966402
48.228374068590135
48.16788809819358
48.068977299427125
48.007055373690164
47.949715813171885
48.0891612386635
48.30625445830205
48.66732898858441
48.479553549307866
48.239607069635355
48.02901326029711
47.821802605171136
47.81668866726167
47.9008629230722
48.14655510609762
47.86616261831543
47.560714096728475
47.31502395302272
47.10521245184545
47.13078365350622
47.27836939550909
47.61828864169451
47.459726404383346
47.29929623708011
47.216340313089106
47.180637217937836
47.3847038419037
47.70779228796201
48.21272277277731
48.20134754720772
48.163400121380015
48.172073877530515
48.19199037109072
48.41173430787479
48.70804745737876
49.14281486114145
49.018632044533796
48.82770272472851
48.64740801090889
48.44820614243962
48.42604040121461