Model: PROPHET
MSE: 7716.402018608238
MAE: 71.73696029300012
Predictions:
181.52468031554724
184.03839748338794
184.86026827502056
186.08717050606734
192.58671268873314
196.63413312904558
204.07274305435334
209.81937655966078
216.17477596793347
220.49003506268735
224.75689123667314
233.74671547362766
239.65029189256774
248.24086408293473
254.38183176924906
260.33895645276874
263.4481399923259
265.7065219566332
271.91171419668547
274.3012496816155
278.7147245073665
280.1000347775441
280.823601274636
278.3356954235788
274.7586758948571
275.0230300773798
271.50338343200315
270.1770494005034
266.1266204990537
261.8465948075731
254.9052521266188
247.52968650417372
244.73898049119242
238.9777663935164
236.27281816968346
231.73423220235642
227.8612336542665
222.20384878500968
216.94835880885677
217.0515119638322
214.8757129676825
216.34779067848544
216.4628437635203
217.59312867033827
217.15314587303857
217.1887459424387
222.51513109345726
225.35586623304246
231.5053940179066
235.83644928021855
240.61223750832514
243.15444142935112
245.43479562818268
252.21503589333895
255.68728298375427
261.63731719662906
264.95211827017636