Model: PROPHET
MSE: 32.39886553919877
MAE: 4.129543805661068
Predictions:
30.086617868270277
29.395167222985172
29.93312875709005
31.19868769282677
30.96528892162495
30.784567937610984
31.44991862485
33.07013696613072
32.86566642000386
33.852938747822506
35.518551189008726
35.62488288954019
35.71332506673433
36.568140340715004
38.290381842352716
38.09438955754829
38.99234982258662
40.468651664877044
40.28563658159262
39.98691102590271
40.361233096242046
41.51640152858344
40.67566347381401
40.862127594917446
41.572918415976936
40.584672344591226
39.45654998536371
38.99378298890857
39.32119152629384
37.67919790326615