Model: TRANSFORMER
MSE: 1.1284866080406184
MAE: 0.6403608857915642
Predictions:
46.136627
46.136627
46.136627
46.136627
46.136627
46.136623
46.136627
46.136627
46.136627
46.136627
46.136627
46.136623
46.136627
46.136627
46.136627
46.136627
46.136627
46.136627
46.136627
46.136627
46.136627
46.136627
46.136627
46.136627
49.671318
49.671318
49.671318
49.671318
49.671318
49.671318
49.671318
49.67132
49.671318
49.671318
49.671318
49.671318
49.671318
49.671318
49.671318
49.671318
49.671318
49.671318
49.671318
49.671318
49.671318
49.671318
49.671318
49.671318
49.671318
49.671318
52.84297
52.84297
59.40871
59.40871
62.084675
62.084675
62.084675
62.084675
62.084675
62.084675
62.084675
62.084675
62.084675
62.084675
62.084675
62.084675
62.084675
62.084675
62.084675
62.084675
62.084675
62.084675
62.084675
62.084675
62.084675
62.084675
62.084675
62.084675
62.084675
62.084675
62.084675
62.084675
62.084675
62.084675
62.084675
62.084675
62.084675
62.084675
62.084675