Model: SARIMA
MSE: 147.23307762465353
MAE: 11.741249745952361
Predictions:
56.04354635077174
55.72657784191333
55.60458354723003
55.39608829255856
55.325233587319815
55.18754388727784
55.14735590902767
55.05604209283638
55.034016292773444
54.97318936165544
54.9617443820236
54.92103810635126
54.91562006628208
54.8882485512298
54.88615458758997
54.86765951035024
54.867310430404025
54.85475125191115
54.85524389997171
54.846673106781786
54.84750640995483
54.841628523952885
54.842536983550026
54.83848631587506
54.83933967555362
54.836534997777285
54.83727845067352
54.83532762486604
54.835946689269065
54.83458384371821
54.83508412520431
54.834128100775374
54.83452394292358
54.83385068999559
54.8341590597342
54.83368321936039
54.83392061877348
54.833583174583005
54.83376425827366
54.833524218257025
54.83366133648842
54.83349010190159
54.83359331720368
54.833470851599515
54.83354817276154
54.83346038274516
54.83351807622509
54.83345501186595
54.83349791820791
54.83345253065218
54.8334843519196
54.83345163166849
54.833475177035
54.83345155356635
54.83346894125554
54.83345186293611
54.83346468199137
54.83345232094929
54.833461758418025
54.83345280241783
54.833459741954485