Model: SARIMA
MSE: 524.0853784782578
MAE: 18.601181158724078
Predictions:
102.06883829782561
104.39267587155923
104.84012747674555
104.926283644133
104.94287289108809
104.94606712689132
104.94668217243222
104.94680059857251
104.94682340135665
104.94682779200016
104.9468286374123
104.94682880019519
104.94682883153881
104.94682883757399
104.94682883873604
104.9468288389598
104.94682883900288
104.94682883901118
104.94682883901278
104.94682883901308
104.94682883901314
104.94682883901315
104.94682883901315
104.94682883901315
104.94682883901315
104.94682883901315
104.94682883901315
104.94682883901315
104.94682883901315
104.94682883901315
104.94682883901315
104.94682883901315
104.94682883901315
104.94682883901315
104.94682883901315
104.94682883901315
104.94682883901315
104.94682883901315
104.94682883901315
104.94682883901315
104.94682883901315
104.94682883901315
104.94682883901315
104.94682883901315
104.94682883901315
104.94682883901315
104.94682883901315