Model: LSTM
MSE: 616.5417037866326
MAE: 13.927588096031776
Predictions:
151.8352
151.8352
151.8352
151.8352
157.7385
159.38333
160.03539
160.00557
159.85657
178.03487
183.04245
184.27753
184.71281
184.7356
184.7356
184.7356
98.54849
86.331635
82.77582
83.942825
87.093895
87.093895
87.093895
87.093895
87.093895
87.093895
87.093895
87.093895
87.093895
87.093895
126.84032
137.10193
142.06653
143.92343
143.92743
143.92743
126.47851
121.77313
119.72716
119.462685
120.2392
120.2392
120.2392
109.228386
117.07057
118.661194
119.58542
120.19297
120.2392
120.2392
120.23919
125.685715