Model: SARIMA
MSE: 831.5003442499977
MAE: 20.753457926179046
Predictions:
49.54942170621753
49.254216806598734
48.98628327262128
48.74310174439344
48.52238560336644
48.322059471423515
48.14023969624766
47.97521663947333
47.82543860107897
47.68949722886247
47.56611427580599
47.454129580810445
47.352490159783606
47.260240304505764
47.17651259617362
47.10051974912321
47.03154720803897
46.96894642904117
46.91212878147406
46.8605600130539
46.8137552263328
46.77127431924272
46.732717846847066
46.69772326538852
46.66596152331595
46.63713396723618
46.61096953369744
46.5872222003991
46.565668672861506
46.54610628480397
46.52835109248819
46.51223614510838
46.49760991496482
46.48433487265966
46.47228619391782
46.46135058587328
46.4514252217843
46.44241677416095
46.43424053721335
46.4268196303692
46.42008427537124
46.413971140157265
46.4084227433533
46.40338691378029
46.39881629989229
46.39466792453321
46.3909027808257
46.387485465392295
46.384383845459936
46.381568756717826
46.379013729087504
46.37669473782656
46.37458997762573
46.37267965757511
46.37094581507165
46.36937214691806
46.36794385602504
46.36664751227531
46.36547092624111
46.36440303456798
46.36343379594675
46.36255409669585
46.36175566506605
46.361030993461725
46.36037326784751
46.35977630367641
46.359234487736956
46.35874272537254
46.35829639257676
46.357891292514196
46.35752361605789
46.35718990597236
46.356887024405516
46.35661212338359
46.3563626180319
46.35613616226945
46.35593062674886
46.355744078834306
46.35557476442907
46.35542109148189
46.35528161501699
46.35515502354716
46.355040126741834
46.354935844234554
46.354841195464346
46.354755290455586
46.3546773214496
46.3546065553094
46.35454232662603
46.354484031461745
46.3544311216713
46.354383099747686
46.3543395141442
46.35429995502853
46.35426405042912
46.3542314627376
46.35420188553422
46.354175040706664
46.354150675834916
46.354128561817845
46.35410849071891
46.354090273811
46.354073739801855
46.35405873322334
46.354045112969686
46.35403275097061
46.354021530987126
46.35401134751852
46.35400210481037
46.353993715954154
46.35398610207005
46.35397919156525
46.35397291946077
46.353967226780476
46.353962059996476
46.35395737052588
46.353953114273935
46.353949251219404
46.35394574503826
46.35394256276213
46.3539396744683