Model: RF
MSE: 7.917451922391824
MAE: 1.688978371683686
Predictions:
25.376823542847994
27.209147492614306
27.209147492614306
27.209147492614306
27.209147492614306
27.209147492614306
27.209147492614306
27.209147492614306
27.209147492614306
27.209147492614306
27.209147492614306
27.209147492614306
27.209147492614306
27.209147492614306
27.209147492614306
27.209147492614306
27.209147492614306
33.99241862392708
33.99241862392708
33.99241862392708
21.152845979497823
21.152845979497823
21.152845979497823
19.559386590247904
19.559386590247904
19.559386590247904
31.788990217789706
31.788990217789706
31.788990217789706
31.788990217789706
21.152845979497823
27.209147492614306
27.209147492614306
27.209147492614306
31.788990217789706
31.788990217789706
31.788990217789706
31.788990217789706
33.99241862392708
33.99241862392708
33.99241862392708
33.99241862392708
33.99241862392708
27.209147492614306
27.209147492614306
27.209147492614306
27.209147492614306
27.209147492614306
27.209147492614306
27.209147492614306
27.209147492614306
27.209147492614306
27.209147492614306
27.209147492614306
27.209147492614306
27.209147492614306
27.209147492614306
27.209147492614306
27.209147492614306
27.209147492614306
27.209147492614306