Model: RF
MSE: 2.5752265508831345
MAE: 1.561899017478395
Predictions:
21.03110770169351
26.766087686010366
26.766087686010366
26.766087686010366
26.766087686010366
26.766087686010366
26.766087686010366
26.766087686010366
26.766087686010366
26.766087686010366
26.766087686010366
26.766087686010366
26.766087686010366
26.766087686010366
26.766087686010366
26.766087686010366
26.766087686010366
26.766087686010366
26.766087686010366
26.766087686010366
26.766087686010366
26.766087686010366
26.766087686010366
26.766087686010366
26.766087686010366
26.766087686010366
26.766087686010366
26.766087686010366
26.766087686010366
26.766087686010366
26.766087686010366
26.766087686010366
26.766087686010366
26.766087686010366
26.766087686010366
26.766087686010366
26.766087686010366
26.766087686010366
26.766087686010366
26.766087686010366
26.766087686010366
26.766087686010366
26.766087686010366
26.766087686010366
26.766087686010366
26.766087686010366
26.766087686010366
26.766087686010366
26.766087686010366
26.766087686010366
26.766087686010366
26.766087686010366
26.766087686010366
26.766087686010366
26.766087686010366
26.766087686010366
26.766087686010366
26.766087686010366
26.766087686010366
26.766087686010366
26.766087686010366