Model: XGB
MSE: 9.688699960621623
MAE: 2.476131522137186
Predictions:
46.87508
50.567654
50.567654
50.567654
50.567654
50.567654
50.567654
50.567654
50.567654
50.567654
50.567654
50.567654
50.567654
50.567654
50.567654
50.567654
50.567654
50.567654
50.567654
50.567654
50.567654
50.567654
50.567654
50.567654
47.6137
50.567654
50.567654
50.567654
50.567654
50.567654
50.567654
50.567654
50.567654
50.567654
55.09246
55.09246
61.36269
61.36269
61.36269
61.36269
61.36269
61.36269
61.36269
61.36269
61.36269
61.36269
61.36269
61.36269
61.36269
69.71063
69.71063
69.71063
69.71063
69.71063
69.71063
69.71063
69.71063
74.16359
74.16359
74.16359
74.16359
74.16359
74.16359
74.16359
74.16359
74.16359
74.16359
74.16359
74.16359
74.16359
74.16359
74.16359
74.16359
74.16359
74.16359
74.16359
74.16359
74.16359
74.16359
74.16359
74.16359
74.16359
74.16359
74.16359
74.16359
74.16359
74.16359
74.16359
74.16359
74.16359
74.16359
74.16359