Model: PROPHET
MSE: 196.2164495793917
MAE: 13.042387630184352
Predictions:
50.98355223032925
51.1308739459824
51.2523934402067
50.82262466547479
50.84598777261901
50.89075418083014
50.86430660531198
51.06189675077673
51.23190488412614
51.382235038762865
50.98808712600542
51.05396107342442
51.14763036538161
51.17545136278131
51.43118878212914
51.66135867877743
51.87171937780906
51.5351479902607
51.653753787781326
51.7929618798489
51.85692968022589
52.13747281549378
52.37949837194945
52.58757286003959
52.233859946404976
52.32027719234495
52.412603820630856
52.415901226287644
52.62342278292825
52.782011407116784
52.89861347042581
52.44814592125516
52.43556820738385
52.429893835859446
52.339506471455934
52.46096057923763
52.54426868545366
52.59930750122266
52.103583352896074
52.06421190593151
52.051850121462834
51.97594805839046
52.133502761443836
52.27431799699205
52.4074031672806
52.008752296727145
52.08335787444712
52.19919664156548
52.26255346159338
52.56686345915788
52.85807361416631
53.14115412483322
52.88799706413495
53.09955349445505
53.33994236867269
53.51189356882449
53.90570156868221
54.26468740950357
54.591796112926524
54.357564272629
54.56230669982951
54.77025372627298
54.88500041199919
55.198443698216145
55.456205424315456
55.664169236202675
55.29636768225166
55.357070536418064
55.41480866687946
55.37769788613578
55.54224239515429
55.65861959412505
55.737078311116264
55.25569082306831
55.22231372241243
55.20849577970884
55.12470077602338
55.26902805663595
55.39243522529256
55.50509710475718
55.08414277670582
55.13562651115911
55.228470784651584
55.26974869511039
55.55348715883345
55.825993275929775
56.09233534363323
55.82421714119465
56.02209765045552
56.24929040780194
56.40740554448421
56.78531151913379