Model: XGB
MSE: 6.690121140074157
MAE: 0.7713467971138332
Predictions:
31.2501
49.86624
49.022194
49.022194
49.022194
46.887413
37.48311
37.514793
37.514793
37.514793
37.514793
37.654945
47.07326
46.874718
46.874718
46.874718
46.874718
46.874718
46.874718
43.55037
43.537613
43.537613
43.537613
43.537613
43.537613
43.537613
43.537613
43.537613
43.537613
43.537613
43.537613
43.537613
43.537613
43.537613
37.45127
37.514793
37.514793
37.654945
40.192783
40.192783
40.192783
40.192783
40.192783
40.192783
40.192783
40.192783
40.192783
40.192783
38.013195
37.514793
37.514793
37.514793
37.514793
37.514793
37.514793
37.514793
37.514793
37.514793
37.514793
37.514793
37.514793
37.514793
37.514793
37.514793
37.514793
37.514793
37.514793
37.514793
37.514793
37.514793
37.514793
37.514793
37.514793
37.514793
37.514793
37.514793
37.514793
37.514793
37.514793
37.514793
37.514793
37.514793
37.514793
37.514793
37.514793
37.514793
37.514793
37.514793
37.514793
37.514793
37.514793
37.514793