Model: LSTM
MSE: 374.1858596527849
MAE: 8.479405928631218
Predictions:
238.58752
238.58752
238.58752
238.58752
238.58752
238.58752
238.58752
238.58752
238.58752
238.58752
238.58752
238.58752
238.58752
83.8631
103.73329
128.78978
128.78978
128.78978
128.78978
128.78978
128.78978
128.78978
111.224525
102.8752
89.90189
89.90189
80.90869
75.84322
68.15372
68.15372
71.33202
73.10851
75.80701
75.80701
75.80701
75.80701
75.80701
82.02851
85.10018
89.90189
89.90189
89.90189
89.90189
89.90189
89.90189
89.90189
89.90189
89.90189
89.90189