Model: SARIMA
MSE: 9.448101764516286
MAE: 2.5474587046078754
Predictions:
46.447179431669255
46.03537171005019
45.638977492149984
45.25741986771557
44.890143519601224
44.53661391556261
44.19631653030113
43.86875609662624
43.553455884645956
43.24995700793642
42.95781775568085
42.676612949805644
42.40593332617831
42.14538493896634
41.894588587290386
41.653179263337066
41.42080562112835
41.19712946517431
40.98182525826498
40.77457964768512
40.575091009162094
40.38306900788341
40.19823417594475
40.0203175056138
39.84906005781761
39.68421258528392
39.52553516978791
39.372796872976295
39.22577540026079
39.08425677729163
38.94803503854029
38.81691192753828
38.69069660833558
38.56920538775896
38.45226144806577
38.33969458960425
38.2313409831058
38.1270429312486
38.02664863914571
37.93001199342351
37.83699234956897
37.747454327236355
37.66126761321524
37.578306771773335
37.49845106209792
37.42158426257022
37.347594501617024
37.276374094893335
37.20781938855909
37.141830608421834
37.07831171472588
37.01717026237646
36.95831726639561
36.90166707241383
36.84713723200915
36.794648382712076
36.744124132501824
36.695490948625746
36.64867805058012
36.603617307096535
36.560243136983956
36.518492413682196
36.4783043733878
36.43962052661872
36.40238457308896
36.36654231976946
36.33204160201578
36.29883220764795
36.26686580387189
36.23609586693608
36.20647761442117
36.17796794006377
36.15052535101989
36.12410990747639
36.09868316452279
36.07420811619875
36.05064914163573
36.02797195321458
36.0061435466635
35.985132153023756
35.96490719241332
35.945439229521035
35.92669993076661
35.90866202306407
35.89129925412862
35.87458635426922
35.858498999611164
35.84301377669525
35.82810814840196
35.813760421150995
35.79994971332859
35.78665592489648