Model: LSTM
MSE: 11.010864442641227
MAE: 2.1217827912114093
Predictions:
58.93495
58.93495
58.93495
58.93495
58.93495
62.96788
62.902874
62.954678
63.37744
63.974552
63.974552
63.974552
63.974552
63.974552
63.974552
63.974552
63.974552
63.974552
63.974552
63.974552
63.974552
63.974552
63.974552
63.974552
63.974552
63.974552
63.974552
63.974552
54.52813
47.92774
47.892853
47.874207
47.114914
47.014168
47.014168
47.014168
47.014168
47.014168
47.014168
47.014168
47.014168
47.014168
47.014168
47.014168
47.014168
47.014168
47.014168
47.014168
47.014168
47.014168
56.588497
50.419846
41.0348
38.747345
46.237854
45.51701
46.284615
46.672523
44.65052
45.57534
44.17363
44.05129
43.84713
43.825676
46.21895
43.99991
44.09636
43.929935
43.887142
43.765697
48.685406
49.046658
44.948753
49.564133
44.814907
44.55727
44.10956
43.889854
38.943775
43.428417
40.80129
40.803593
37.85987
37.97196
37.555798
34.925613
37.26932
37.138832
37.158146
34.432648
34.68509
39.79967
37.04372
42.92813
45.322647
46.15143
43.95901
44.2611
44.044834
43.887142
43.765697
53.65293
51.794224
50.502777
50.58503
46.06742
45.017403
44.20984
48.734783
46.638733
47.07786
47.07844
49.4696
49.61663
47.61452
47.512047
44.975105
44.484768
44.044834
43.887142
42.54453
41.200565
43.3917
45.873363
41.33839
41.25956
47.189075
51.069283
49.488724
47.76537
49.991642
52.332325
52.571907
55.182182
53.456844
57.758354
55.891308
58.37847
60.218796
61.057625
58.683964
58.887745
59.33846
63.598553
61.013763
60.935596
61.424603
61.933327
61.450478
63.47178
61.534325
61.344967
57.58529
56.83503
56.783302
61.714622
60.412952
58.642136
58.65678
59.33846
59.35375
59.95739
59.019646
59.902866
64.93633
57.925648
55.947342
56.953644
65.57767
62.27073
62.591904
61.25111
61.81742
62.03179
61.933327
61.450478
61.450478
61.450478
63.47178
63.49705
63.425217
63.64143
63.974552
63.974552
63.974552
63.974552
63.974552
63.974552
63.974552
63.974552
61.94149
61.817417
62.03179
61.933327
61.450478
61.450478
61.450478
61.450478
61.450478
61.450478
60.444057
60.366623
60.450127
60.436203
60.21077
60.21077
60.21077