Model: RF
MSE: 165.93475288923764
MAE: 8.75847925311737
Predictions:
28.995903646627653
49.76562092643174
49.76562092643174
127.55395355379146
127.55395355379146
125.78085858585865
125.78085858585865
125.78085858585865
125.78085858585865
125.78085858585865
125.78085858585865
125.78085858585865
125.78085858585865
125.78085858585865
125.78085858585865
125.78085858585865
78.41553599178599
78.41553599178599
78.41553599178599
78.41553599178599
78.41553599178599
75.57406347125097
75.57406347125097
78.41553599178599
78.41553599178599
78.41553599178599
78.41553599178599
84.66583962774985
78.41553599178599
84.66583962774985
78.41553599178599
84.66583962774985
84.66583962774985
75.57406347125097
78.41553599178599
78.41553599178599
70.9968038211788
84.66583962774985
84.66583962774985
84.66583962774985
54.75885472690187
54.75885472690187
84.66583962774985
70.9968038211788
70.9968038211788
70.9968038211788
70.9968038211788
70.9968038211788
70.9968038211788
75.57406347125097
70.9968038211788
70.9968038211788
70.9968038211788
70.9968038211788
70.9968038211788
54.75885472690187
28.51966932034238
58.022394110120594
58.022394110120594
63.11020833333337
63.11020833333337
44.87385783271222
44.87385783271222
44.87385783271222
69.62273191771027
44.87385783271222
46.5050468975469
46.5050468975469
44.87385783271222
48.46642843613475
44.87385783271222
44.87385783271222
46.5050468975469
46.5050468975469
46.5050468975469
49.76562092643174
49.76562092643174
49.76562092643174
49.76562092643174
49.76562092643174
49.76562092643174
49.76562092643174
49.76562092643174
49.76562092643174
49.76562092643174
69.62273191771027
58.022394110120594
58.022394110120594
58.022394110120594
58.022394110120594
54.75885472690187
58.022394110120594
58.022394110120594
58.022394110120594
58.022394110120594
58.022394110120594
69.62273191771027
64.80611656582789
69.62273191771027
58.022394110120594
58.022394110120594
69.62273191771027
69.62273191771027
69.62273191771027
69.62273191771027
58.022394110120594
69.62273191771027
69.62273191771027
70.9968038211788
70.9968038211788
75.57406347125097
78.41553599178599
78.41553599178599
78.41553599178599
58.022394110120594
58.022394110120594
58.022394110120594
64.80611656582789
64.80611656582789
69.62273191771027
64.80611656582789
58.022394110120594
58.022394110120594
58.022394110120594
58.022394110120594
58.022394110120594
58.022394110120594
58.022394110120594
58.022394110120594
58.022394110120594
58.022394110120594
58.022394110120594
58.022394110120594
58.022394110120594
58.022394110120594
58.022394110120594
58.022394110120594
58.022394110120594
58.022394110120594
58.022394110120594
58.022394110120594
58.022394110120594
58.022394110120594
58.022394110120594
58.022394110120594
58.022394110120594
58.022394110120594
58.022394110120594
58.022394110120594
58.022394110120594
58.022394110120594
58.022394110120594
58.022394110120594
58.022394110120594
78.41553599178599
84.66583962774985
75.57406347125097
78.41553599178599
78.41553599178599
78.41553599178599
78.41553599178599
78.41553599178599
84.66583962774985
84.66583962774985
75.57406347125097
75.57406347125097
75.57406347125097
78.41553599178599
78.41553599178599
78.41553599178599
78.41553599178599
78.41553599178599
78.41553599178599
78.41553599178599
78.41553599178599
78.41553599178599
78.41553599178599
78.41553599178599
78.41553599178599
78.41553599178599
75.57406347125097
78.41553599178599
75.57406347125097
78.41553599178599
78.41553599178599
78.41553599178599
75.57406347125097
78.41553599178599
78.41553599178599
78.41553599178599
78.41553599178599
78.41553599178599
78.41553599178599
78.41553599178599
78.41553599178599
78.41553599178599
78.41553599178599
78.41553599178599
78.41553599178599
78.41553599178599
125.78085858585865
125.78085858585865
125.78085858585865
125.78085858585865
125.78085858585865
125.78085858585865
125.78085858585865
125.78085858585865
125.78085858585865
125.78085858585865
125.78085858585865
125.78085858585865