Model: LSTM
MSE: 0.07127749484744444
MAE: 0.1974466323852539
Predictions:
9.245447
9.758085
9.8818655
9.917411
9.946969
10.469372
10.528053
10.564928
10.592406
11.086406
11.151349
11.189691
11.214402
11.25919
11.25919
11.6771555
11.746932
11.786791
11.808891
11.839185
11.839185
11.839185
12.245653
12.318948
12.35989
12.380855
12.403655
12.403655
12.403655
12.403655
12.403655
12.403655
12.403655
12.403655
12.403655
12.800204
12.876499
12.917691
12.938658
12.958465
12.958465
12.958465
12.958465
12.958465
12.958465
12.958465
12.958465
12.958465
12.958465
12.958465
12.958465
12.958465
12.958465
12.958465
12.958464