Model: LSTM
MSE: 5.948745210545894
MAE: 1.6074119295392717
Predictions:
44.844685
41.820156
41.51296
41.375084
38.94689
40.803265
40.857525
43.77982
44.086063
44.346878
44.346878
41.820156
41.51296
46.02823
46.50478
39.322617
38.48682
37.918957
35.547604
34.972248
34.328285
36.640938
37.225834
37.918957
37.918957
37.918957
42.589382
43.52506
46.844852
44.4099
44.615345
48.88227
49.10108
52.46522
50.159466
47.941616
47.67617
47.324368
47.324368
47.324368
47.324368
49.667576
49.67683
50.29303
50.29303
50.29303
50.29303
50.29303
50.29303
50.29303
50.29303
50.29303
50.29303
50.29303
50.29303
50.29303