Model: TRANSFORMER
MSE: 6.464244628942591
MAE: 1.1815957387288412
Predictions:
32.176987
32.176987
32.176987
32.176987
32.176987
32.176987
32.176987
32.176987
32.176987
32.176987
32.176987
32.176987
32.176987
32.176987
32.176987
32.176987
32.176987
32.176987
32.176987
32.176987
32.176987
32.176987
32.176987
32.176987
32.176987
32.176987
32.176987
32.176987
32.176987
32.176987
32.176987
32.176987
40.305058
40.305058
46.79069
46.79069
46.79069
46.79069
46.790695
46.79069
46.79069
51.46174
51.46174
46.79069
46.79069
51.46174
51.46174
55.453106
55.453106
55.453106
55.453106
55.453106
42.514645
42.514645
42.514645
56.421688
56.421688
56.421688
56.421688
56.421688
56.421688
56.421688
56.421688
56.421688
56.42169
56.421688
56.421688
56.421688
56.421688
56.421688
56.421688
56.421688
56.421688
56.421688
56.421688
56.421688
56.421688
56.42169
56.421688
56.421688
56.421688
56.421688
56.421688
56.421688
56.421688
56.421688
56.421688
56.421688
56.421688
56.421688