Model: RF
MSE: 17.481226538102273
MAE: 2.2936584896629055
Predictions:
46.98300670140651
64.75055164887254
68.09643985696844
64.95503388382004
62.5820505212937
60.265542451164826
58.496286231884056
57.52447916666667
56.378125
59.19372452798659
59.78767720361625
61.3139171511628
61.81250000000001
62.087500000000006
62.165625000000006
62.471217105263165
62.425040231835055
61.713712349463
61.713712349463
61.713712349463
61.713712349463
61.713712349463
61.713712349463
61.713712349463
61.713712349463
61.713712349463
61.713712349463
61.713712349463
61.713712349463
61.713712349463
61.713712349463
61.713712349463
61.713712349463
61.713712349463
58.65572186231872
57.10885416666667
56.35
56.221875
56.20625
56.02395833333333
59.115624999999994
59.32187499999999
59.21562499999999
59.115624999999994
59.18697916666666
59.48281249999999
60.20707191306755
60.20707191306755
65.23437499999999
68.74999999999999
71.70312499999997
72.39062499999997
71.20416666666665
74.84984384317231
74.63812708748162
74.63812708748162
74.63812708748162
74.63812708748162
74.63812708748162
74.63812708748162
74.63812708748162
74.63812708748162
74.63812708748162
72.52071844917108
73.93082472626057
73.26229876437523
72.59709687833237
72.46498853528652
72.2936546014937
72.14236491895403
72.14236491895403
72.14236491895403
69.88920578958795
69.11059764901313
68.1890247748897
68.14144197574441
68.14144197574441
68.14144197574441
67.90552582898268
67.90552582898268
67.90552582898268
67.90552582898268
67.90552582898268
67.90552582898268
67.90552582898268
67.90552582898268
67.90552582898268
67.90552582898268
67.90552582898268
67.90552582898268
67.90552582898268
67.90552582898268