Model: PROPHET
MSE: 129.44101249518675
MAE: 10.745019155777156
Predictions:
36.42071364457542
36.684050929913546
36.902422744264534
37.34725878488613
37.09091518800759
36.90616044842356
36.75855404272808
36.14416371840976
36.132471345969364
36.05455874224608
36.190349724087355
35.62168540882444
35.131545112189436
34.69612834895193
33.82225239574869
33.58992468833131
33.34019144003093
33.36204902679951
32.745205440135045
32.279014129010754
31.944305084926775
31.250576064454265
31.27841047389991
31.367229136448508
31.802166705481643
31.666862477574533
31.74248851280659
31.99973859202678
31.936237681093743
32.619233370074674
33.37366974194761
34.469426134173034
34.974500934266956
35.65445265627059
36.46481041608497
36.88890163605398
37.98094651857231
39.05450807168012
40.37006907710421
40.988505995542845
41.6707631407607
42.37043182793831
42.571676647936116
43.33235464506116
43.97241446506832
44.761347264632185
44.771461905771154
44.777292372789546
44.7478486896747
44.18416186023539
44.16197855571258
44.019703871802236
44.04537620111491
43.32945965974889
42.6637752201682
42.033294970516735
40.95326271972369
40.511508562708684
40.05606646789347
39.88188821303846
39.0834466560934