Model: SARIMA
MSE: 1244.4515040590634
MAE: 28.54534500716527
Predictions:
49.95955130861311
49.93392946511843
49.91769954910491
49.90741886130583
49.900906656218986
49.896781561096766
49.89416855835185
49.8925133763154
49.89146491680685
49.8908007799827
49.89038008875181
49.890113605844505
49.889944804750805
49.88983787928409
49.889770148351886
49.8897272448293
49.88970006799605
49.889682853086384
49.889671948463615
49.889665041032785
49.88966066558562
49.88965789399974
49.8896561383647
49.88965502627418
49.88965432183089
49.889653875607905
49.88965359295215
49.889653413906515
49.889653300491744
49.88965322865022
49.88965318314288
49.88965315431669
49.88965313605701
49.88965312449058
49.88965311716394
49.88965311252294
49.88965310958315
49.88965310772097
49.88965310654138
49.88965310579418
49.88965310532088
49.88965310502107
49.88965310483116
49.88965310471086
49.88965310463466
49.889653104586394
49.88965310455582
49.88965310453645
49.88965310452418
49.889653104516405
49.88965310451149
49.88965310450837
49.889653104506394
49.88965310450514
49.88965310450435
49.88965310450385
49.88965310450353
49.889653104503324
49.889653104503196
49.88965310450312
49.88965310450307
49.88965310450303
49.88965310450301
49.889653104503004
49.889653104503
49.88965310450299
49.88965310450298
49.88965310450298
49.88965310450298
49.88965310450298
49.88965310450298
49.88965310450298
49.88965310450298
49.88965310450298
49.88965310450298
49.88965310450298
49.88965310450298
49.88965310450298
49.88965310450298
49.88965310450298
49.88965310450298
49.88965310450298
49.88965310450298
49.88965310450298
49.88965310450298
49.88965310450298
49.88965310450298
49.88965310450298
49.88965310450298
49.88965310450298
49.88965310450298
49.88965310450298
49.88965310450298
49.88965310450298
49.88965310450298
49.88965310450298
49.88965310450298
49.88965310450298
49.88965310450298
49.88965310450298
49.88965310450298
49.88965310450298
49.88965310450298
49.88965310450298
49.88965310450298
49.88965310450298
49.88965310450298
49.88965310450298
49.88965310450298
49.88965310450298
49.88965310450298
49.88965310450298
49.88965310450298
49.88965310450298
49.88965310450298
49.88965310450298
49.88965310450298
49.88965310450298
49.88965310450298
49.88965310450298
49.88965310450298
49.88965310450298
49.88965310450298
49.88965310450298
49.88965310450298
49.88965310450298
49.88965310450298
49.88965310450298
49.88965310450298
49.88965310450298
49.88965310450298
49.88965310450298
49.88965310450298
49.88965310450298
49.88965310450298
49.88965310450298
49.88965310450298
49.88965310450298
49.88965310450298
49.88965310450298
49.88965310450298
49.88965310450298
49.88965310450298
49.88965310450298
49.88965310450298
49.88965310450298
49.88965310450298
49.88965310450298
49.88965310450298
49.88965310450298
49.88965310450298
49.88965310450298
49.88965310450298
49.88965310450298
49.88965310450298
49.88965310450298
49.88965310450298
49.88965310450298
49.88965310450298
49.88965310450298
49.88965310450298
49.88965310450298
49.88965310450298
49.88965310450298
49.88965310450298
49.88965310450298
49.88965310450298
49.88965310450298
49.88965310450298
49.88965310450298
49.88965310450298
49.88965310450298
49.88965310450298
49.88965310450298
49.88965310450298
49.88965310450298
49.88965310450298
49.88965310450298
49.88965310450298
49.88965310450298
49.88965310450298
49.88965310450298
49.88965310450298
49.88965310450298
49.88965310450298
49.88965310450298
49.88965310450298
49.88965310450298
49.88965310450298
49.88965310450298
49.88965310450298
49.88965310450298
49.88965310450298
49.88965310450298
49.88965310450298
49.88965310450298
49.88965310450298
49.88965310450298
49.88965310450298
49.88965310450298
49.88965310450298
49.88965310450298
49.88965310450298
49.88965310450298
49.88965310450298
49.88965310450298
49.88965310450298
49.88965310450298
49.88965310450298
49.88965310450298
49.88965310450298
49.88965310450298