Model: RF
MSE: 12.61637555569267
MAE: 1.9186240375905854
Predictions:
18.535546875
29.40625
30.610416666666666
31.06875
31.06875
31.09375
31.09375
31.25
31.25
31.25
31.25
31.25
31.25
31.25
31.25
31.25
31.25
31.25
31.25
31.25
31.25
31.25
31.25
31.25
31.25
31.25
31.25
31.25
31.25
31.21875
31.1875
31.1875
31.1875
31.1875
42.15625
42.65624999999999
44.578124999999986
44.812499999999986
44.656249999999986
44.656249999999986
44.656249999999986
44.749999999999986
44.874999999999986
46.49999999999998
51.15624999999997
50.40624999999997
45.874999999999986
45.812499999999986
50.99999999999997
52.249999999999964
52.593749999999964
52.68749999999997
52.84374999999997
52.874999999999964
50.71874999999997
45.281249999999986
40.9375
42.625
51.562499999999986
53.49999999999997
53.24999999999997
53.18749999999997
53.53124999999997
54.12499999999998
54.37499999999998
54.343749999999986
54.343749999999986
54.124999999999986
54.562499999999986
55.156249999999986
55.249999999999986
54.84374999999999
54.874999999999986
54.84374999999999
54.812499999999986
55.28125
55.375
55.40625
56.218749999999986
56.249999999999986
56.125
55.5625
55.6875
55.6875
55.75
55.65624999999999
55.1875
54.8125
54.9375
55.09374999999999
55.3125
55.37499999999999