Model: PROPHET
MSE: 1068.863812972906
MAE: 25.822811176895573
Predictions:
48.43077514900346
49.117080057032226
50.09685193680075
51.05226386178987
51.877864593739226
52.515804334450564
53.59371043758143
54.35550506473532
54.950333864962985
55.716499600596066
56.33377664858698
56.697124602374934
56.75201062019481
57.13231104871607
57.091081674272196
56.78936493076512
56.57992917906974
56.15931912882947
55.44124067464781
54.39149664717989
53.66545252242919
52.53833142028834
51.193517926146974
50.0057780062312
48.69278688916879
47.18800130601993
45.47510568742367
44.22502409208967
42.72580922087492
41.17059903973469
39.94055793456618
38.75620231432276
37.5501532575707
36.30154997689352
35.6731178890773
34.94120241776777
34.28395656251671
34.064594444761994
33.98310390949403
33.94945197018973
33.918506302228955
34.527654498852975
35.02741893667466
35.57024113221975
36.494333133638406
37.47597422120137
38.40327214190339
39.21159814193934
40.52166455462201
41.57053116031395
42.50070420298679
43.644217511614315
44.675068023428366
45.48302124112911
46.008994583057884
46.88298851059102
47.35485518654106
47.58307441333653
47.9184343449961
48.05599929459707
47.908391917887435
47.44061090341499
47.30736830886945
46.78325126895136
46.05089312416651
45.4840666978859
44.799096814608966
43.927633266404776
42.8510180783726
42.2372423982659
41.3708070973401
40.440679429100854
39.82326351995959
39.233784453969434
38.59912738635715
37.89236332322502
37.76995230254267
37.50193122390145
37.26026977081625
37.40230147325625
37.62261741054211
37.826450518560165
37.964767817383795
38.67204650188101
39.197026269355156
39.69160676461562
40.49478331818343
41.284995658097564
41.95390612389505
42.44181494094749
43.37568066477243
44.00003245645375
44.46593961422315
45.11493041610781
45.6312361821606
45.91538061332059
45.91932768492451
46.28416394837687
46.27061145032859
46.04754778016152
45.97543761803293
45.75806490420062
45.31559943543491
44.61922508168389
44.328319186224284
43.72049249942909
42.97967838305421
42.47918665068583
41.93312064258486
41.26919906302517
40.46321554923193
40.17612922823839
39.68409714219787
39.16663662599214
38.98983020420032
38.8579667574109
38.686653737270426
38.437624950455046
38.75622726185594
38.90188601499294
39.036725304183044