Model: SARIMA
MSE: 1057.1398112949705
MAE: 29.925612705862587
Predictions:
108.34232478844095
106.82378310128784
105.43269705527463
104.15836892600174
102.9909988803384
101.92160961378454
100.94197731323949
100.04456841426689
99.22248166650742
98.4693950617106
97.77951721625193
97.1475428342576
96.5686119088391
96.03827234768748
95.55244573561082
95.10739597072175
94.69970053308164
94.32622416485123
93.98409475954328
93.67068127496063
93.38357349996588
93.12056351948527
92.879628735209
92.65891631141359
92.45672892629204
92.27151171921636
92.10184033355453
91.94640996308878
91.80402531779997
91.67359143185303
91.55410524309502
91.44464787931058
91.34437759191438
91.25252328273959
91.16837857414171
91.09129637681606
91.02068391355417
90.95599816067082
90.89674167204548
90.84245875366412
90.79273195924284
90.74717887998422
90.70544920377863
90.66722202123543
90.6322033578269
90.60012391316643
90.5707369900358
90.54381659723516
90.51915571166649
90.49656468628527
90.47586979167762
90.45691188004704