Model: SARIMA
MSE: 4929.9663790984405
MAE: 64.35681923350984
Predictions:
95.48632341464622
96.12446648458405
94.56859310863894
97.73516078151815
99.08828122941556
99.26762484785685
102.16726776647737
101.44202110526255
100.43464413679166
98.76665461248714
96.83081476610688
98.09189612312494
92.07644013471287
90.23104152467786
90.32225536515949
86.54292868329597
84.3673152103846
83.25287140048854
79.92842399661545
79.70967009785056
79.78856745078537
80.47799506429037
81.44441406548339
79.77846587284873
84.25940990822177
85.28503384220222
84.72518919207502
87.44679738297847
88.8566186814632
89.40717876459152
91.83936009415669
91.69342727808865
91.32221154192365
90.46154258930768
89.38945637852628
90.54414469660712