Model: SARIMA
MSE: 93.91354598766158
MAE: 8.843739771918314
Predictions:
52.46460821770428
52.19885891623123
51.99625087915059
52.42866091921695
52.20020687399732
52.01300380774793
52.146275066605625
52.253988347355325
52.35289159553954
52.2842146627375
52.200757806032634
52.216087455269125
52.21799362947787
52.14952820205362
52.14078552905351
51.79973018915735
51.895793664706254
51.98524755635236
51.889184124295
51.81492378466771
51.74959280714216
51.7889035382841
51.83843060274856
51.82813966484853
51.826452957927316
51.868076635160776
51.87325843340099
52.08199180567347
52.023114537870896
51.96830846319842
52.02711046863885
52.072570150044626
52.11256685026222
52.08849292884324
52.05816494247255
52.06446502682357
52.06549714492863
52.040010134732576
52.03683704267099
51.909027228249954
51.94507833910907
51.978636645734774
51.94263152170675
51.91479605634228
51.89030563896576
51.905046355228045
51.92361650462233
51.91975889375413
51.91912691587949
51.934732885657944
51.936675803745764
52.014935126643344
51.992860643895014
51.972312532011415
51.99435885640343
52.01140281100202
52.02639855677284
52.01737265776727
52.00600195569899
52.008364012293
52.008750979136984
51.99919527610903
51.99800560648113
51.95008658194455
51.96360302498635
51.9761848547424
51.962685653364645
51.95224945677657
51.943067400467775
51.94859405543866
51.95555645852664
51.954110145886894
51.95387320192923
51.95972426159732
51.96045270909698
51.98979404285133
51.98151777950297
51.973813789914644
51.98207949600679
51.98846969134524
51.994091963111266
51.99070793287246
51.98644477863023
51.987330371404425
51.98747545473636
51.98389278801477
51.98344675178142
51.965480737764864
51.97054838276581
51.975265618392726
51.97020443771323
51.96629165242609
51.96284907499593
51.964921153082486
51.96753152824512
51.966989270271185
51.96690043418769
51.9690941395276
51.969367252307244
51.98036803578715
51.97726506228634
51.97437664821143
51.97747566353874
51.97987150402442
51.98197943118551
51.98071067550254
51.97911231473432
51.979444345119916
51.979498740408644
51.97815551105121
51.97798828116084
51.97125238320038
51.97315236722548
51.97492097420803
51.97302341381511
51.971556414935385
51.97026570847879
51.97104258121997
51.97202127469743
51.971817968923695
51.971784662103765
51.97260713587626
51.97270953253552
51.976833995253706
51.97567061461423
51.974587677549934
51.975749574173385
51.97664783335465
51.977438146790455
51.97696245926125
51.97636319472606
51.976487681036446
51.97650807516026
51.976004465629465
51.97594176705445
51.973416314202645
51.974128664672136
51.97479175867594
51.97408031688541
51.9735303031343
51.973046385723315
51.9733376543101
51.973704590425854
51.97362836612004
51.973615878578826
51.973924244107295
51.97396263511866
51.97550899704323
51.97507281719446
51.97466679760904
51.97510242106391
51.97543920039523
51.97573550822709
51.97555716134086
51.97533248241338
51.97537915537509
51.97538680163078
51.97519798610341
51.97517447887453
51.97422762484791
51.97449470245735
51.97474331261338
51.974476575689906
51.974270362085655
51.97408892961551
51.97419813333081
51.97433570665294
51.97430712829685
51.9743024464123
51.974418060189095
51.97443245391799
51.97501222281521
51.97484868832442
51.97469646165384
51.97485978753895
51.97498605434521
51.9750971473967
51.97503028078811
51.97494604316434
51.97496354199893
51.97496640876716
51.97489561720902
51.97488680377411
51.97453180504703
51.974631938973396
51.974725148999916
51.974625142805046
51.97454782828247
51.974479804813015
51.974520747956134
51.97457232755855
51.97456161283405
51.974559857481054
51.97460320391296
51.974608600473886
51.97482597000999
51.97476465693064
51.974707583429584
51.97476881829756
51.97481615881071
51.974857810312166
51.97483274038558
51.97480115764065
51.97480771838162
51.974808793203124
51.97478225171698
51.97477894734473
51.974645849641504
51.97468339229898
51.974718339017095
51.97468084424928
51.974651857144266