Model: PROPHET
MSE: 161.78650834633547
MAE: 12.519782011994803
Predictions:
66.63826210980726
66.62919818786014
67.17785157804185
68.23290414083638
68.23294316995523
68.41726735509864
68.80834311353506
68.94782932347117
68.74947303487066
69.07197372964742
69.8719830040612
69.59641679032832
69.4929829236973
69.59237196856732
69.44403738015059
68.96887460466415
69.03190250319065
69.59511841741995
69.10970696837809
68.82650684474744
68.77818342127219
68.51503173828374
67.9577165276542
67.97004852395236
68.51196318690434
68.03187590226233
67.77731129998705
67.77724757210098
67.57809328268127
67.09659649334472
67.19277900408889
67.8230560456789
67.43271054934044
67.26661570519096
67.35164390459036
67.23267799534382
66.82552437107931
66.98982164521999
67.68210739489467
67.34821534986224
67.23390095004636
67.36713836926135
67.2940105258393
66.93149756062205
67.14026362385553
67.87761043900815
67.58977565649631
67.52247898924932
67.70316352226021
67.67685706075159
67.35896124771607
67.60806934548884
68.3789809447488
68.11509013701553
68.05904742536134
68.23513888594134
68.18530252519024
67.82208376540855
68.00162447391898
68.67684686420927
68.2900016607486
68.08347370847848