Model: TRANSFORMER
MSE: 3.2671246700593386
MAE: 1.617090526380037
Predictions:
32.56152
32.56152
32.56152
32.56152
32.56152
32.56152
32.56152
32.56152
32.56152
32.56152
32.56152
32.56152
32.56152
32.56152
32.56152
30.173695
30.173695
32.56152
32.56152
32.56152
32.56152
32.56152
32.56152
32.56152
32.56152
32.56152
32.56152
32.56152
27.116217
27.116217
27.116217
27.116217
27.116217
27.116217
27.116217
27.116217
27.116217
27.116217
27.116217
30.173695
30.173695
30.173695
30.173695
30.173695
27.116217
30.173695
30.173695
30.173695
30.173695
30.173695
30.173695
30.173695
30.173695
30.173695
30.173695
30.173695
30.173695