Model: XGB
MSE: 1136.44121300567
MAE: 28.69715118408203
Predictions:
154.99788
185.01025
185.01025
185.01025
185.01025
185.01025
185.01025
185.01025
185.01025
185.01025
185.01025
185.01025
185.01025
185.01025
185.01025
185.01025
134.92743
134.92743
134.92743
134.92743
134.92743
134.92743
134.92743
134.92743
134.92743
104.74208
104.74208
104.74208
104.74208
104.74208
104.74208
104.74208
104.74208
104.74208
104.74208
104.74208
104.74208
104.74208
104.74208
104.74208
104.74208
104.74208
104.74208
104.74208
104.74208
104.74208
104.74208
104.74208
104.74208
104.74208
104.74208
104.74208