Model: TRANSFORMER
MSE: 221.10681316881528
MAE: 10.193544069925943
Predictions:
110.7565
110.7565
110.7565
110.7565
110.7565
110.7565
110.7565
110.7565
110.7565
110.7565
110.7565
101.24305
101.24305
101.24306
92.479614
121.3725
121.3725
121.3725
110.7565
110.7565
110.7565
110.7565
144.82072
144.82072
144.82072
144.82072
144.82072
121.3725
121.3725
132.76909
121.3725
194.66518
194.66518
194.66518
194.66516
194.66518
194.66518
194.66518
194.66518
194.66518
194.66518
194.66516
194.66518
203.97055
203.97055
194.66518
194.66518
194.66518