Model: XGB
MSE: 359.0033466568745
MAE: 13.559709989107573
Predictions:
70.016594
113.60397
113.60397
113.60397
113.60397
113.60397
113.60397
113.60397
113.60397
113.60397
113.60397
113.60397
113.60397
113.60397
113.60397
102.85612
102.85612
102.85612
85.010574
111.6803
111.6803
111.6803
113.60397
113.60397
113.60397
113.60397
157.4971
157.4971
157.4971
157.4971
157.4971
111.6803
111.6803
118.224976
111.6803
165.11113
165.11113
165.11113
165.11113
165.11113
165.11113
165.11113
165.11113
165.11113
165.11113
165.11113
165.11113
194.01389
194.01389
165.11113
165.11113
165.11113