Model: RF
MSE: 802.4636503073518
MAE: 15.270278531348946
Predictions:
151.81206452011352
181.72491404428902
181.72491404428902
181.72491404428902
181.72491404428902
181.72491404428902
181.72491404428902
181.72491404428902
181.72491404428902
181.72491404428902
181.72491404428902
181.72491404428902
181.72491404428902
181.72491404428902
245.9852326839828
245.9852326839828
245.9852326839828
245.9852326839828
245.9852326839828
245.9852326839828
245.9852326839828
119.2330081442669
119.2330081442669
119.2330081442669
119.2330081442669
119.2330081442669
119.2330081442669
119.2330081442669
119.2330081442669
119.2330081442669
119.2330081442669
119.2330081442669
119.2330081442669
119.2330081442669
119.2330081442669
181.72491404428902
181.72491404428902
181.72491404428902
181.72491404428902
181.72491404428902
181.72491404428902
148.50031660585302
148.50031660585302
148.50031660585302
148.50031660585302
148.50031660585302
148.50031660585302
148.50031660585302
119.2330081442669
148.50031660585302
148.50031660585302
148.50031660585302
148.50031660585302
148.50031660585302
148.50031660585302
148.50031660585302
164.85622779372295