Model: SARIMA
MSE: 77.45948638042944
MAE: 8.562029199965394
Predictions:
56.11236897573254
57.04460891498705
56.66147290394687
56.69561848612541
57.07744878237966
56.73950735689077
56.91459962643209
57.26520411961965
57.10013015200003
56.95155758745215
56.58350334802576
56.57010307807544
56.78998998503355
57.24878371014819
56.86150093188652
57.062563068380044
57.57725036274927
57.182765462106005
57.692363316106324
57.77929075357042
57.66005300174308
57.625798237092525
57.18852155926507
57.15266028607825
57.60219611295399
57.43414356049704
57.116944185483554
57.38663064753664
57.84838655516922
57.47673342608218
58.13048293864119
57.90425592042549
57.82981466753638
57.882774117085134
57.47032223187772
57.39082124098429
57.9027418144907
57.14559906927077
56.955248342638384
57.18403363296693
57.43328876231537
57.15944379558376
57.7372592818043
57.24372147484159
57.204963269072465
57.298740728539016
56.99940746586473
56.8726546739809
57.27206587492297
56.13398991070187
56.09356890574735
56.191511020391296
56.138680438406126
56.01140846224217
56.32635234335962
55.689750203373535
55.671712852626094
55.75382593109897
55.62464187836417
55.46440369537873
55.61811724349293
54.412125882049544
54.50502920746984
54.42606719798673
54.074036420538235
54.102359236993884
54.05205331161787
53.43651119305263
53.42228291635563
53.44873580524457
53.49979523899855
53.33218318820175
53.184607744731565
52.235567110916314
52.41106137693809
52.164100370659526
51.603756269880265
51.755251565144626
51.347593007948205
50.90864963333054
50.88376540792084
50.830789505855925
51.023519375916706
50.878694653563365
50.46453276472585
50.016019818886576
50.20437852600619
49.84845215194798
49.22943574064128
49.44043555523848
48.787176971871105
48.627478740993816
48.58353743963338
48.45325064069552
48.712627999948204
48.61570152870738
48.046625743611095
48.19411871135511
48.32669794435774
47.95211529711731
47.43793967301302
47.63231635104804
46.913419349223
47.055006282850314
46.991498506458264
46.810073699902176
47.04683670726518
47.010568450325984