Model: PROPHET
MSE: 2961.7004614491398
MAE: 47.83533513191935
Predictions:
142.11363864316414
139.818908021332
136.56751532375444
135.46341468305866
125.47367341431455
120.55551036296096
116.26280003128812
110.49288099085133
105.73539853881924
100.71445234186186
98.5984931465656
88.40027853491313
84.10228865760877
81.26216465024916
77.75904541363694
76.0425529459296
74.77569954635226
77.04614569586414
71.76808579715413
72.81011322822508
75.60356258677149
77.89212641600534
81.9844068393243
86.40057682484834
94.0874752518341
93.82430528153398
99.35417985422801
105.99590770426984
111.39671887257697
117.78750086119486
123.63164250450723
131.84174599574192
131.18632863631325
135.42172742497044
139.90358734525495
142.33863838582926
145.03835696582442
146.56565118867192
149.94888936807823
144.08546740730824
142.87021508570405
141.8031195128953
138.73717588475236
136.12807102024593
132.67695048424366
131.54069851724262
121.73203138601885
117.24480149544992
113.65907727567145
108.88688271838342
105.42036065658785
101.97365240932673