Model: XGB
MSE: 35.000609219426075
MAE: 5.295527426922908
Predictions:
13.754815
27.937468
27.928434
27.976326
28.04144
28.029402
27.979828
27.982975
28.011238
27.999615
27.996304
27.96605
27.94597
27.951778
27.867287
27.918123
27.930399
27.930399
27.930399
27.243359
27.23138
27.930387
26.519825
26.46979
27.891237
27.94839
27.937515
27.930399
27.92983
29.100113
29.152107
27.974726
25.38017
26.450792
26.45855
24.929577
24.877035
24.890127
25.303734
24.894274
24.8971
24.90151
25.581064
27.430666
27.423567
27.423567
28.485836
28.485836
26.642979
25.567629
26.02769
26.030083
26.029686
26.027227
28.92559
25.559483
26.01726
26.01965
26.024738
26.027227
26.019545