Model: TRANSFORMER
MSE: 75.39707873254277
MAE: 5.611149628957112
Predictions:
112.166435
112.166435
112.166435
112.166435
112.166435
112.166435
112.166435
112.166435
112.166435
112.166435
112.166435
112.166435
68.27837
68.27837
68.27838
68.27837
68.27837
68.27837
68.27837
68.27838
68.27837
55.421387
55.421387
55.421387
55.42139
51.099125
51.099125
51.099125
51.099125
51.099125
51.09913
51.09913
51.099125
51.099125
51.099125
51.099125
55.421387
55.421387
55.421387
55.42139
55.421387
55.421387
55.421387
55.421387
55.42139
55.421387
55.421387
55.421387