Model: TRANSFORMER
MSE: 0.27963838039234407
MAE: 0.3280269816770392
Predictions:
43.692047
43.692047
43.692047
43.692047
43.692047
43.692047
43.692047
43.692047
43.692047
43.692047
43.692047
43.692047
43.692047
43.692047
43.692047
43.692047
43.692047
43.692047
43.692047
43.692047
43.692047
43.692047
43.692047
43.692047
47.298935
47.298935
47.298935
47.298935
47.298935
47.298935
47.298935
47.298935
47.298935
47.298935
47.298935
47.298935
47.298935
47.298935
47.298935
47.298935
47.298935
47.298935
47.298935
47.298935
47.298935
47.298935
47.298935
47.298935
47.298935
47.298935
47.298935
47.298935
47.298935
47.298935
47.298935
47.298935
47.298935
47.298935
47.298935