Model: XGB
MSE: 138.01687095714163
MAE: 8.525513506950215
Predictions:
99.99428
96.2394
113.340034
113.340034
113.340034
113.340034
113.340034
113.340034
113.340034
113.340034
113.340034
113.340034
113.340034
113.340034
108.42122
112.445595
85.1162
89.96927
89.96927
89.96927
89.96927
89.96927
89.96927
89.96927
89.96927
92.30375
72.420395
72.420395
72.420395
72.420395
72.420395
72.420395
72.420395
72.420395
72.420395
72.420395
72.420395
72.420395
72.420395
72.420395
72.420395
72.420395
103.48623
112.445595
112.445595
112.445595
112.445595