Model: PROPHET
MSE: 102.11595100039483
MAE: 9.544246829183209
Predictions:
52.13579374028059
52.76889021986274
52.93744013381212
52.688574301394546
52.28656693757232
51.83876646814403
51.458617660212326
49.811913170827694
50.34777244392718
50.4589324408927
50.19930042981378
49.8390575465896
49.49034432365123
49.27006340871051
47.84594535223652
48.667382275538316
49.12561966268074
49.271260937683394
49.36937649587199
49.52524974424824
49.84729506789323
48.99329161305224
50.401434061395165
51.45078543565155
52.17907996231092
52.83815976902845
53.52006904320334
54.32033085479771
53.88454031362342
55.6397648056989
56.95532601734123
57.86090184727489
58.60222276506479
59.267378011489875
59.9502498577872
59.29720407490242
60.73852348737412
61.649157234032565
62.06672361739182
62.24704277935189
62.29021815077813
62.30379023587363
60.94909788510935
61.67234240894181
61.86493687939203
61.581089206514136
61.0929066157573
60.51605222490056
59.97248906245656
58.136458154877396
58.46519687008001
58.35898974639823
57.87850903251973
57.299739703359606
56.739525074577664
56.31827189986886
54.70596312445396
55.352983974813235
55.650351053789116
55.647297114240104
55.606499848857844