Model: TRANSFORMER
<<<<<<< HEAD
MSE: 28.918670614577003
MAE: 3.4385545437152567
Predictions:
27.557323
38.206158
38.206158
38.206158
38.206158
38.206158
38.206158
38.206158
38.206158
38.206158
38.206158
38.206158
38.206158
38.206158
38.206158
39.282597
38.206158
38.206158
22.91536
38.206158
38.206158
38.206158
38.206158
30.256773
27.557323
30.256771
=======
MSE: 20.694673976191115
MAE: 2.784906234741211
Predictions:
38.55654
38.55654
38.55654
38.55654
38.55654
38.55654
38.55654
38.55654
38.55654
38.55654
38.55654
38.55654
38.55654
38.55654
40.009323
38.55654
38.55654
24.808025
38.55654
38.55654
38.55654
38.55654
31.561249
29.296476
31.561249
>>>>>>> 468eafcd640fa16da1a94df5071eb1aed20cf7ad
