Model: PROPHET
MSE: 2390.0534282320505
MAE: 40.998601125940155
Predictions:
116.9828079684898
123.51367462567418
135.0012864061399
141.78702351890328
150.83076272967088
155.7629017014994
163.90063762366435
170.69339938783645
177.06398792343396
187.2313136212603
191.50668849724306
196.85113830006054
196.92821356653405
199.1201535824438
198.9722943253634
197.53229307387488
199.1701025859091
194.3707212693391
190.2872762841095
180.78903077637304
173.47229874872778
164.09930191632014
153.93169419292406
147.54484502676507
135.6150671720711
125.4675013008983
111.11939596136361
100.28690129239106
88.8205294517996
78.03610626410233
72.52738153454337
62.95253495688032
56.582314929202184
47.344546469220184
42.83309708145781
38.74639749249224