Model: PROPHET
MSE: 60.29413445745287
MAE: 6.877123474372238
Predictions:
31.89079520632839
31.896465639527307
31.59625149255153
31.46093170641255
31.84381306659191
32.10626059031882
32.56670413237433
32.79687753121329
33.09778163426205
33.11208882258023
33.303964808236536
34.0191846637097
34.61083487661745
35.38852297929807
35.91484590527655
36.48160228345186
36.72245937282089
37.093042900280004
37.931318874234414
38.58355113731285
39.35374827552487
39.800343443274265
40.21258529779745
40.22334452622713
40.289299007827516
40.7513626388816
40.96063885621891
41.227811173228154
41.11971447354793
40.93556695338803
40.31957038271135
39.740846338286026
39.553579361099466
39.122655164614144
38.77271427842892
38.08437370713817
37.37010585215327
36.286491985877866
35.31382754153137
34.81595949854005
34.1656527647799
33.69341390570824
32.983531719391735
32.34982956888165
31.447850993470826
30.754458525960896
30.627726997710482
30.43242752572476
30.489028116596952
30.369966313019663
30.37568315975766
30.147132957406026
30.145740443044932
30.71367737705968
31.1997446642256
31.908775388663955
32.39830343412573
32.95497631141054
33.2074164024311
33.60649268558214
34.48586630205878