Model: TRANSFORMER
MSE: 2.315483124856543
MAE: 0.7412766445888562
Predictions:
49.2051
49.2051
46.483055
37.970642
37.970642
37.970642
37.970642
37.970642
40.89603
46.483055
46.483055
46.483055
46.483055
46.483055
46.483055
46.483055
43.62656
43.62656
43.62656
43.62656
43.62656
43.62656
43.62656
43.62656
43.62656
43.62656
43.62656
43.62656
43.62656
43.62656
43.62656
37.970642
37.970642
37.970642
40.89603
40.89603
40.89603
40.89603
40.89603
40.89603
40.89603
40.89603
40.89603
40.89603
40.89603
37.970642
37.970642
37.970642
37.970642
37.970642
37.970642
37.970642
37.970642
37.970642
37.970642
37.970642
37.970642
37.970642
37.970642
37.970642
37.970642
37.970642
37.970642
37.970642
37.970642
37.970642
37.970642
37.970642
37.970642
37.970642
37.970642
37.970642
37.970642
37.970642
37.970642
37.970642
37.970642
37.970642
37.970642
37.970642
37.970642
37.970642
37.970642
37.970642
37.970642
37.970642
37.970642
37.970642
37.970642