Model: PROPHET
MSE: 3905.83536741679
MAE: 52.81948433350133
Predictions:
92.2128069879701
93.21169784548027
93.4722984921112
93.44530462568636
98.76458688733618
102.47630160562325
103.5005402089705
109.99272602244562
113.62615552410617
116.19504369048798
118.0714725647142
124.82229884660863
129.44047110329197
130.80846661594816
137.06099936061045
139.86835356719467
141.03967577520447
140.97961457071574
145.30437095253635
147.07163398184946
145.2421519896938
148.0401461007164
147.23398912119183
144.73656258746902
141.05876989749362
141.92236338262535
140.4866581753045
135.80698165363236
136.19216103538434
133.4825623656233
129.64817551521065
125.24029404812241
126.00300567968259
125.09910918206867
121.56833330832904
123.685170026386
123.23782761160476
122.12777328428976
120.82337278702057
124.97378583043756
127.63766280933928
127.74443632826699
133.45542865708447
136.4461830754959
138.50938770289585
140.011797651194
146.5112154580441
150.98798180028103
152.3086850165142
158.58923652111028
161.47865925413657
162.76291204009308
162.82212647338358
167.24730449825157
169.07093472534987
167.2292597614889
169.9233824254675