Model: XGB
MSE: 12.988914177506874
MAE: 2.464267751444941
Predictions:
18.757996
29.123125
29.174995
29.644741
26.475698
28.364822
29.78851
29.090706
29.676146
29.612211
29.535753
29.887974
29.407015
30.108665
30.11134
30.30062
30.18375
30.388687
29.089088
29.893583
29.808304
29.908712
29.825672
29.784456
29.22298
29.038258
28.39388
28.307669
28.862753
28.41071
28.377636
29.122578
29.21147
29.205706
41.93911
42.3561
45.419376
45.424454
44.80043
44.79671
44.913616
45.007267
45.008934
46.291306
49.343365
50.158783
47.34465
46.601994
51.494038
53.14417
51.42798
51.34905
54.31589
54.72133
47.785046
44.52027
40.38028
47.03732
55.120384
52.401688
52.80673
52.469513
55.425823
55.702343
56.116238
56.11789
55.913666
55.262905
55.27566
56.87871
56.858517
55.119335
55.033344
54.77831
54.765102
55.71362
55.53889
54.3721
55.90051
55.90051
56.099243
54.33822
54.33822
54.33822
54.33822
54.347187
54.347187
54.09778
54.088806
54.088806
54.1535
54.83041