Model: PROPHET
MSE: 2427.226828544786
MAE: 48.37253724727946
Predictions:
71.97455805473648
71.8225662521119
71.2855797509154
70.68065977874534
71.09008985771314
70.1465147846116
68.25209752622878
67.07140477816253
66.69301219420016
65.97190045968549
65.23544355335208
65.57567910777344
64.63408588075292
62.82039274554084
61.805141765360304
61.68100761497858
61.30495485147455
61.004043438884636
61.8675799237723
61.53184492780111
60.3989249800084
60.12937268528291
60.80369665959627
61.26475962843246
61.82388977283377
63.55339531345426
64.07170369809964
63.762642474389686
64.2685735679487
65.65236913565444
66.74029352794946
67.82858238723774
69.97639503711261
70.79134832913053
70.64913686719729
71.18694057989809
72.46559880774781
73.3126084721324
74.02873265164789
75.6808934510982
75.88755758788817