Model: RF
MSE: 10.690416189272089
MAE: 2.870843064419872
Predictions:
31.25035507391354
36.847514578133655
38.599840307575406
40.53909808283892
40.53909808283892
40.53909808283892
40.53909808283892
40.53909808283892
40.53909808283892
40.53909808283892
40.53909808283892
40.53909808283892
40.53909808283892
40.53909808283892
40.53909808283892
40.53909808283892
40.53909808283892
40.53909808283892
40.53909808283892
40.53909808283892
40.53909808283892
40.53909808283892
40.53909808283892
40.53909808283892
40.53909808283892
40.53909808283892
48.93437499999999
48.96778492647058
48.979279783880585
48.979279783880585
48.979279783880585
48.979279783880585
48.979279783880585
48.979279783880585
48.979279783880585
48.979279783880585
48.979279783880585
48.979279783880585
48.979279783880585
48.979279783880585
48.979279783880585
48.979279783880585
48.979279783880585
48.979279783880585
48.979279783880585
48.979279783880585
48.979279783880585
48.979279783880585
48.979279783880585
48.979279783880585
48.979279783880585
48.979279783880585
48.979279783880585
48.979279783880585
48.979279783880585
48.979279783880585
48.979279783880585
48.979279783880585
48.979279783880585
48.979279783880585
48.979279783880585