Model: PROPHET
MSE: 4333.742728649105
MAE: 47.34068958963498
Predictions:
178.52810917396252
185.8178066295692
200.18404028673473
207.98572531982822
218.99130924188472
225.4649432298125
234.45109097915372
242.90808913233644
249.87132041420912
262.56501827116324
267.30431711851077
273.849608374077
274.4940262868628
276.3483393312356
276.47373762306285
274.0431842080573
276.45038608093887
270.20806561494214
265.2976869661807
254.25158114927143
244.43188728082407
233.15696029998077
219.85608653283538
212.1717452695281
196.85128297654364
184.0903390063787
166.6091438876782
151.92627308134897
137.4806551362873
122.78280316369117
115.51461055537257
102.41965250234063
93.64637703889031
81.8253200925688
74.34490885075371
68.47660223488596