Model: RF
MSE: 6.028711763796058
MAE: 1.5796613697090194
Predictions:
37.97128355212345
46.578125
46.625
46.245535714285715
45.38459821428571
45.821875
46.66875
47.034375
47.034375
47.034375
47.034375
47.034375
47.4515625
48.3125
48.30625
48.228125
48.346875
49.745312500000004
51.96093750000001
51.96093750000001
51.96093750000001
51.96093750000001
47.3296875
46.9375
46.925
46.95
47.015625
47.240625
47.034375
47.034375
47.034375
47.034375
47.034375
47.034375
47.034375
47.034375
47.4515625
48.3125
48.30625
48.228125
48.346875
49.745312500000004
51.96093750000001
51.96093750000001
51.96093750000001
51.96093750000001
51.96093750000001
55.61796874999999
62.46875000000003
62.50000000000003
62.56250000000003
62.50000000000003
62.50000000000003
62.42737268518521
61.24082240355188
61.24082240355188
61.24082240355188
61.24082240355188
61.24082240355188
68.62228260869564
68.625
68.6875
63.3940629896641
62.62064406157425
61.69623985115916
61.48399973209026
61.437619316780115
61.06483252613777
61.24082240355188
61.24082240355188
59.40862485815659
59.52658751266462
59.37499999999998
59.46874999999998
59.56113281249998
60.082495376791485
61.88704455266955
61.88704455266955
61.88704455266955
61.88704455266955
56.328124999999986
56.68165451635845
58.21290451635845
56.943029829786816
56.523629804238695
56.392733605244246
56.0080308069985
56.0080308069985
56.0080308069985
56.0080308069985
56.0080308069985
56.0080308069985
56.0080308069985
56.0080308069985
56.0080308069985
56.0080308069985
54.26873658204262
55.994552753154046
56.00908335341285
56.01055096828882
55.997213499306184
56.012178979335914
56.2477744679416
56.0080308069985
56.0080308069985
56.0080308069985
56.0080308069985
56.0080308069985