Model: XGB
MSE: 0.1629630918778862
MAE: 0.12347055250598539
Predictions:
37.49973
40.69926
40.69926
40.69926
40.69926
40.69926
40.69926
40.69926
40.69926
40.69926
40.69926
40.69926
40.69926
40.69926
40.69926
40.69926
40.69926
40.69926
40.69926
40.69926
40.69926
40.69926
40.69926
40.69926
40.69926
40.69926
40.69926
40.69926
40.69926
40.69926
40.69926
40.69926
40.69926
40.69926
40.69926
40.69926
40.69926
40.69926
40.69926
40.69926
40.69926
40.69926
40.69926
40.69926
40.69926
40.69926
40.69926
40.69926
40.69926
40.69926
40.69926
40.69926
40.69926
40.69926
40.69926
40.69926
40.69926
40.69926
40.69926
40.69926
40.69926
40.69926