Model: RF
MSE: 840.4275663350888
MAE: 24.888163129284962
Predictions:
149.82081571973714
200.4
200.4
200.4
200.4
200.4
200.4
200.4
200.4
200.4
200.4
200.4
200.4
200.4
200.4
200.4
134.75762272041683
134.75762272041683
134.75762272041683
134.75762272041683
134.75762272041683
134.75762272041683
134.75762272041683
134.75762272041683
134.75762272041683
104.68098866514089
104.68098866514089
104.68098866514089
104.68098866514089
104.68098866514089
104.68098866514089
104.68098866514089
104.68098866514089
104.68098866514089
104.68098866514089
104.68098866514089
104.68098866514089
104.68098866514089
104.68098866514089
104.68098866514089
104.68098866514089
104.68098866514089
104.68098866514089
104.68098866514089
104.68098866514089
104.68098866514089
104.68098866514089
104.68098866514089
104.68098866514089
104.68098866514089
104.68098866514089
104.68098866514089