Model: PROPHET
MSE: 379.10871858011956
MAE: 16.51816703128752
Predictions:
31.908446146728505
31.841329168586135
31.83463495979252
31.676100621920824
31.709551314540306
31.75627534688698
31.55469141721018
31.622183282300053
31.43197908118057
31.274693931551344
30.934949545768898
30.75360764674351
30.549276867459472
30.058121801430445
29.795845600484547
29.234718918017172
28.665268959623365
27.873037229852937
27.200937441248826
26.47086795742083
25.423602294503407
24.580824273921554
23.42217632959349
22.24693110795624
20.850692148105068
19.587653263555822
18.292070222002867
16.717968628922158
15.400956204077183
13.835010790011466
12.333858298723742
10.707351637919889
9.323386599453297
8.02901565858626
6.589791784955345
5.5512193132715915
4.415192530764202
3.5010457363559198
2.6216353499802914
2.14499932514331
1.9152635599766086
1.6918353757711664
2.0107680562505976
2.36118279975161
3.0463760810732268
3.8600356169903236
5.148111040409944
6.730007970456189
8.338142627801105
10.479736152935224
12.613728272811983
15.012429829401887
17.43832724718652
20.20657348333124
23.106821374398592
25.84342281384419
28.897858563221668
31.706263676462786
34.5216534187097
37.09124851334218
39.71942076195599
42.18990254354313
44.20627264006106
46.25457392892513
47.78092065242374
49.05369509667993
49.84072986389231
50.47199665592666
50.76144753826969
50.44702618836415
50.05271226217395
49.065466598646445
47.79668933975911
46.058601392616666
44.2260861014874
42.1576544189405
39.634569395417
37.222012025523036
34.44517523856627
31.649916904343037
28.678400363129274
25.930276291932437
23.283084596388306
20.530925628946335
18.245293999919994
15.950970458157006
13.986608634382012
12.180448143908887
10.911707815355314
10.031334626952006
9.30115152337951
9.255288345282555
9.376779589557461
9.958951557709202
10.782013982571378
12.175391682238615
13.939452196782867
15.785651984213182
18.198964303251365
20.615451364097108
23.284582612800065
25.94669446176899
28.896108599535925
31.9035481982163
34.65686011268757
37.623894196678975
40.23039306251299
42.72248784734089
44.844192081771325
46.9004107263994
48.67910676559243
49.89163957822542
51.03513523736527
51.569753772775755
51.78046306489463
51.453727635179845
50.93964724899756
50.07320683507696
48.613671876415765
47.10600972095812
45.05722204028319
42.797217740892336
40.15465323190436
37.5182921964078
34.757561820750816
31.661352979406537
28.79895578482199
25.69602409663862
22.6952039150035
19.63185535248048
16.895420276807663
14.350109729401469
11.773953088860441
9.720092359537055
7.69320488113997
6.010677100405047
4.478945153082208
3.455539098451304
2.7704887372148406
2.166116280545779
2.159082420035233
2.21755253029011
2.6230897250180902
3.1476755946596775
4.116381869085533
5.3293389429605895
6.502016380399532
8.127673827287438
9.654843103866874
11.34944447876304
12.971936493158655
14.840023343864196
16.750568664686206
18.419735722548424
20.345219171125176
21.983437441024023
23.611298410913275
25.002948427761606
26.492040142939167
27.893179912699793
28.94158683146755
30.154840433541715
31.00959758837762
31.80290196711786
32.328505929478176
32.93874892037809
33.465660419950765
33.66032535364486
34.05439329311427
34.136614681508284
34.214028581799695
34.08822137194338
34.11719858436209
34.13653469040781
33.898834288608704
33.935380547807256
33.73284781985035
33.59469597063623
33.31765848811511
33.25385900283795
33.232213477170475
32.99814419978974
33.07547452625435
32.94337495231242
32.897972469274265
32.72903050888052
32.78223030082765
32.8807080852625
32.76487253038822
32.954370534870066
32.925072234691086
32.97068833175556
32.879429071802925
32.9962384619379
33.14426156287233
33.06457308943882
33.27803972979872
33.26219143385576
33.312719272723264
33.22001359317162
33.33128023363181
33.47189647284253
33.3850383369425
33.59345453862794
33.57626456774186
33.63040016672126
33.54710488736643
33.67402980988539
33.83658677292571
33.77758982260437
34.019058699344264
34.039059964209756