Model: RF
MSE: 3375.2434924418076
MAE: 44.58468478075258
Predictions:
50.407500000000056
204.7398086325439
197.19016577540106
151.19016577540106
151.19016577540106
151.19016577540106
156.14016577540107
156.14016577540107
217.0638962021811
229.05472953551447
232.05472953551447
232.05472953551447
232.05472953551447
232.05472953551447
232.05472953551447
232.05472953551447
232.05472953551447
232.05472953551447
232.05472953551447
232.05472953551447
232.05472953551447
232.05472953551447
232.05472953551447
232.05472953551447
232.05472953551447
232.05472953551447
169.22671339444872
156.85016577540108
153.85016577540108
153.85016577540108
153.85016577540108
153.85016577540108
153.85016577540108
153.85016577540108
153.85016577540108
153.85016577540108