Model: SARIMA
<<<<<<< HEAD
MSE: 182.68873664067445
MAE: 11.207124005656858
Predictions:
24.889359999155857
24.991568819636
24.838112364089902
26.507982293637465
26.610083788705907
26.588292529210875
26.871827837023247
26.153584237355002
26.189181524322006
25.947060112302747
25.977440896275986
26.007326801281796
26.08153282104292
26.145264513606474
26.179352293263246
26.225727692794578
26.261389010576558
26.299323061044177
26.33254828281468
26.36514181972052
26.395036811989375
26.423561466191703
26.450150648093214
26.475278780478337
26.498834260009996
26.52102136466309
26.541860716732913
26.56146676816609
26.579894422284102
26.59722452657011
26.6135168924718
26.62883674183551
26.64324041694516
26.656783655213157
26.66951733151798
26.681490129573678
26.692747352815868
26.7033318583436
26.713283797285246
26.72264100153204
26.731438997573434
26.73971121345062
26.747489065806036
26.75480210135589
26.76167809684781
26.768143171375666
26.77422188181842
26.779937318210923
26.78531119029045
26.790363910603663
26.795114671686257
26.799581519162913
26.803781420183324
26.807730327932095
26.811443242192663
26.814934266342142
26.818216660912125
26.82130289396412
26.824204688445832
26.82693306672216
26.829498392442265
=======
MSE: 182.1122677919267
MAE: 11.188131323280116
Predictions:
24.905470493073487
24.96721029835738
24.848187748423346
26.497879000215104
26.61216802500699
26.59041700927448
26.8773755739617
26.167524802949504
26.206419729876867
25.968520228478283
26.000988692096513
26.03225785284466
26.113255463597287
26.163046604045473
26.209561051176923
26.253014440122616
26.293608215332487
26.33153056444659
26.366957290709347
26.40005262797129
26.43097000205655
26.459852742025692
26.48683474463124
26.51204109504618
26.535588646743104
26.55758656321223
26.578136824029613
26.59733469762165
26.615269182917537
26.632023421937088
26.64767508522674
26.662296731930404
26.675956146164545
26.68871665125685
26.700637403305183
26.711773665417844
26.722177063906386
26.7318958276187
26.74097501152191
26.749456705571518
26.75738022983516
26.764782316775495
26.771697281537286
26.7781571810281
26.78419196253009
26.78982960253186
26.795096236423916
26.800016279659065
26.804612540939406
26.80890632795457
26.812917546161522
26.816664791063737
26.820165434417632
26.823435704765828
26.826490762670662
26.829344770996617
26.832010960567597
26.834501691503373
26.836828510519528
26.839002204456587
26.84103285028645
>>>>>>> 468eafcd640fa16da1a94df5071eb1aed20cf7ad
