Model: LSTM
MSE: 127.22849083495385
MAE: 4.7367071813466595
Predictions:
50.80028
50.80028
50.80028
50.80028
50.80028
50.80028
50.80028
50.80028
50.80028
50.80028
50.80028
50.80028
29.617989
29.482708
28.708332
55.84136
51.648327
50.80028
50.80028
50.80028
50.80028
50.80028
50.80028
35.03107
34.946045
34.753563
34.753563
34.753563
34.753563
34.753563
34.753555
34.753555
59.936794
56.707245
55.930794
55.930794
55.930794
55.930794
55.930794
55.930794
55.930794
55.930794
55.930794
36.077515
90.278946
53.273518
58.392143
55.930794
55.930794