Model: TRANSFORMER
MSE: 16.995745221478565
MAE: 2.8863549068056304
Predictions:
71.04158
58.05289
58.05289
55.090252
55.090252
55.090252
48.79304
55.090252
55.090252
60.59399
60.59399
60.59399
60.59399
55.090252
55.090252
67.20829
67.20829
55.090252
55.090252
55.090252
60.59399
60.59399
60.59399
51.87428
51.87428
51.87428
51.87428
51.87428
60.59399
60.59399
60.59399
60.59399
60.59399
63.664482
63.664482
67.20829
67.20829
67.20829
67.20829
67.20829
67.20829
67.20829
67.20829
67.20829
67.20829
67.20829
67.20829
67.20829
67.20829
67.20829
67.20829
67.20829
67.20829
67.20829
67.20829
67.20829
67.20828
67.20828