Model: TRANSFORMER
MSE: 9.15456400460723
MAE: 1.7500909025018865
Predictions:
62.985023
60.37553
57.773277
57.773277
57.773277
60.37553
60.37553
62.985023
62.985023
62.985023
62.985023
62.985023
62.98502
62.985023
62.985023
62.985023
62.985023
62.985023
62.985023
62.985023
62.985023
62.985023
62.985023
62.985023
62.985023
62.98502
62.985023
62.985023
62.985023
62.985023
57.773277
57.773277
57.773277
57.773277
57.773277
57.773277
60.37553
60.37553
60.37553
60.37553
60.37553
60.37553
60.37553
60.37553
74.39395
74.39395
74.39395
74.39395
74.39395
74.39395
74.39395
74.39395
74.39395
74.39395
74.39395
74.151985
74.151985
74.151985
74.151985
73.15087
73.15087
73.15087
73.15088
73.15088
73.15088
73.15087
73.15087
73.15087
68.988846
68.988846
68.988846
68.988846
68.988846
68.988846
68.988846
68.988846
68.988846
68.988846
68.988846
68.988846
68.988846
68.988846
68.988846
68.988846
68.988846
68.988846
68.988846
68.988846