Model: LSTM
MSE: 0.0444922891846805
MAE: 0.12965028626578196
Predictions:
20.115894
20.618519
20.757467
21.249872
21.385027
21.437166
21.932604
22.000729
22.05324
22.533607
22.606377
22.659283
23.124588
23.201637
23.254982
23.307178
23.705221
23.785938
23.839708
23.881582
23.881582
24.274727
24.358307
24.412796
24.449944
24.449944
24.449944
24.839622
24.925562
24.979881
25.014889
25.014889
25.014887
25.014887
25.014887
25.014887
25.014887
25.401415
25.48959
25.543648
25.5782
25.5782
25.5782
25.5782
25.5782
25.5782
25.5782
25.5782
25.5782
25.5782
25.5782
25.5782
25.5782
25.5782
25.5782
25.5782