Model: SARIMA
MSE: 63.36137078429906
MAE: 6.060113893689653
Predictions:
43.50496359720463
43.26735589187328
43.03695167034227
42.81353254668513
42.596886755718124
42.38680895228109
42.18310001660345
41.98556686557088
41.79402226971378
41.60828467574398
41.42817803447164
41.2535316339391
41.084179937613506
40.919962427485025
40.760723451921706
40.60631207813693
40.45658194912953
40.31139114496103
40.170602048238536
40.03408121367568
39.90169924160808
39.77333065534342
39.64885378222981
39.52815063832982
39.41110681659079
39.297611378405435
39.18755674846003
39.08083861277039
38.9773558198091
38.8770102846302
38.7797068959006
38.68535342574983
38.593860442353005
38.505141225163904
38.41911168271792
38.33569027292696
38.25479792579073
38.176357968451185
38.10029605251903
38.026540083603514
37.95502015297859
37.885668471320756
37.81841930445575
37.75320891105317
37.68997548221002
37.62865908286589
37.56920159499414
37.51154666251552
37.45563963788164
37.401427530277964
37.3488589553971
37.29788408673479
37.24845460836241
37.200523669131336
37.154045838265596
37.10897706230087
37.065274623328925
37.02289709850793
36.98180432080034
36.941957340901006
36.90331839031956