Model: SARIMA
MSE: 136.72552445258341
MAE: 8.91634883984334
Predictions:
65.3895180809601
65.18751202460611
64.98609810368647
64.7891903377181
64.59621885826135
64.4071622805404
64.22193419745687
64.04045793135957
63.862657384961395
63.688458120874024
63.06898888313769
62.90177483045989
62.751895145214064
62.60335095246656
62.45802273391165
62.31561281486451
62.17609043349751
62.039393648212105
61.905465648916945
61.77425030357551
61.64569267469726
61.51973893050582
61.105973012418886
60.98506988400107
60.84190631721314
60.7046546417787
60.56981574917132
60.43775272873131
60.30835913661872
60.181587026591785
60.05738255525327
59.93569380705709
59.81646981591905
59.69966066049559
59.5568972754002
59.44477204710987
59.33779598627252
59.23263582928088
59.12964842107208
59.02874176882438
58.92987957717103
58.83301972327406
58.73812173748906
58.6451458723436
58.554053197323555
58.46480556898792
58.34959361978949
58.263924729678564
58.17731448115063
58.09278477239415
58.009927404711576
57.92875312956512
57.84922241670107
57.771302639548296
57.69496108839048
57.62016580672869
57.54688547427439
57.47508940646708
57.40352016341135
57.33460304417399
57.26753225114571
57.201765040746
57.13733661340372
57.07421234279525
57.01236672920963
56.95177376234566
56.892408083935806
56.83424483407133
56.777259658231905
56.72142869496173
56.66398455634147
56.610392357350285
56.55758750590773
56.505888540947126
56.455232287829844
56.40560259752377
56.35697807144967
56.30933842426478
56.26266369862547
56.216934351518866
56.172131234536685
56.12823558726433
56.085267072317194
56.043131595411566
56.001912899472174
55.961521350367214
55.921948857702176
55.88317777573274
55.845192000937054
55.8079756115298
55.77151302582235
55.73578897558074