Model: RF
MSE: 1.369703723808484
MAE: 0.22419377668353152
Predictions:
31.430459231973177
40.410882467275265
40.69985593089379
40.69985593089379
40.69985593089379
40.69985593089379
40.69985593089379
40.69985593089379
40.69985593089379
40.69985593089379
40.69985593089379
40.69985593089379
40.69985593089379
40.69985593089379
40.69985593089379
40.69985593089379
40.69985593089379
40.69985593089379
40.69985593089379
40.69985593089379
40.69985593089379
40.69985593089379
40.69985593089379
40.69985593089379
40.69985593089379
40.69985593089379
40.69985593089379
40.69985593089379
40.69985593089379
40.69985593089379
40.69985593089379
40.69985593089379
40.69985593089379
40.69985593089379
40.69985593089379
40.69985593089379
40.69985593089379
40.69985593089379
40.69985593089379
40.69985593089379
40.69985593089379
40.69985593089379
40.69985593089379
40.69985593089379
40.69985593089379
40.69985593089379
40.69985593089379
40.69985593089379
40.69985593089379
40.69985593089379
40.69985593089379
40.69985593089379
40.69985593089379
40.69985593089379
40.69985593089379
40.69985593089379
40.69985593089379
40.69985593089379
40.69985593089379
40.69985593089379
40.69985593089379
40.69985593089379