Model: RF
MSE: 1.1771109063574972
MAE: 0.5269148648908757
Predictions:
26.853327292768565
19.79023908032674
19.79023908032674
20.68937753938119
20.68937753938119
20.68937753938119
20.68937753938119
22.36587697158066
22.36587697158066
22.36587697158066
22.36587697158066
22.36587697158066
22.36587697158066
22.36587697158066
22.36587697158066
22.36587697158066
23.432476255796754
23.432476255796754
23.432476255796754
23.432476255796754
23.432476255796754
23.432476255796754
23.432476255796754
23.432476255796754
23.432476255796754
24.288277764864024
24.288277764864024
24.288277764864024
24.288277764864024
24.288277764864024
24.288277764864024
24.288277764864024
24.288277764864024
24.288277764864024
24.288277764864024
24.288277764864024
24.288277764864024
24.288277764864024
24.288277764864024
24.288277764864024
24.288277764864024
25.365694444444443
25.365694444444443
25.365694444444443
25.365694444444443
25.365694444444443
25.365694444444443
25.365694444444443
25.365694444444443
25.365694444444443
25.365694444444443
25.365694444444443
25.365694444444443
25.365694444444443
25.365694444444443
25.365694444444443
25.365694444444443
25.365694444444443
25.365694444444443
25.365694444444443