Model: PROPHET
MSE: 9.584662583874282
MAE: 2.7401382011122903
Predictions:
22.708116948013274
23.45141433820269
23.536107473859342
24.163635581350736
24.388213566358914
24.534683693166148
25.278408729056327
25.431652152927043
26.185463073956445
26.231439568256384
26.76862705786012
26.850147755328038
26.80114239729942
27.2987149635781
27.158323287804954
27.575631711200497
27.248199260643464
27.38226104701636
27.039201268762966
26.55330264746859
26.61146775087848
26.039360900584946
26.042993483066176
25.3301335038183
25.116804921686207
24.473483246111442
23.742580341737835
23.617921792249202
22.930672958458423
22.890743301312394
22.208055665907583
22.09895083841492
21.632337395546266
21.147181968272502
21.332044006394426
21.01111042924635
21.385757501111872
21.15602295771791
21.527253676528574
21.556532670207798
21.570473229211682
22.245076147094615
22.392096629021193
23.200939051551817
23.360453303833815
24.065888847100283
24.365601521185084
24.579092833931846
25.377070476261025
25.5679705868086
26.339955156035803
26.382754969066085
26.89461244827063
26.928919267393898
26.812129953018186
27.22364330335957
26.982096767130578
27.28709320218799
26.84073769193486
26.85424710919045