Model: TRANSFORMER
MSE: 1.1702215494548556
MAE: 0.5049678996457891
Predictions:
56.47084
56.47084
59.579556
59.579556
59.579556
59.579556
59.579556
53.463024
53.463024
53.463024
53.463024
53.463024
53.463024
53.463024
53.463024
53.463024
55.38307
53.463024
53.463024
53.463024
53.463024
53.463024
53.463024
53.463024
53.463024
53.463024
53.463024
56.47084
56.47084
56.47084
56.47084
56.47084
56.47084
56.47084
56.47084
56.47084
56.47084
56.47084
56.47084
56.47084
56.47084
56.47084
56.47084
56.47084
56.47084
56.47084
56.47084
56.47084
56.47084
56.47084
56.47084
56.47084
56.47084
56.47084
56.47084
56.47084
56.47084
56.47084
56.47084