Model: RF
MSE: 403.94158294162884
MAE: 13.43434093163115
Predictions:
112.24868500882205
152.12861111111113
152.12861111111113
152.12861111111113
152.12861111111113
152.12861111111113
152.12861111111113
152.12861111111113
152.12861111111113
152.12861111111113
152.12861111111113
152.12861111111113
152.12861111111113
152.12861111111113
152.12861111111113
152.12861111111113
111.71085902687516
111.71085902687516
111.71085902687516
111.71085902687516
111.71085902687516
111.71085902687516
111.71085902687516
111.71085902687516
111.71085902687516
119.22402777777778
119.22402777777778
119.22402777777778
119.22402777777778
60.87593351415527
60.87593351415527
60.87593351415527
60.87593351415527
67.16470434964361
67.16470434964361
67.16470434964361
67.16470434964361
67.16470434964361
67.16470434964361
67.16470434964361
72.24043831168831
72.24043831168831
72.24043831168831
72.24043831168831
72.24043831168831
72.24043831168831
72.24043831168831
72.24043831168831
72.24043831168831
72.24043831168831
72.24043831168831
72.24043831168831