Model: XGB
MSE: 6.2799591440345
MAE: 1.569589720831977
Predictions:
37.500877
47.531017
47.635334
47.500465
48.290066
48.511692
47.002247
47.002247
47.002247
47.002247
47.002247
47.002247
45.702866
47.85399
48.814293
49.099476
49.620045
51.679626
51.679626
51.679626
51.679626
51.679626
46.938683
46.907475
46.8663
46.96618
46.960434
47.002247
47.002247
47.002247
47.002247
47.002247
47.002247
47.002247
47.002247
47.002247
45.702866
47.85399
48.814293
49.099476
49.620045
51.679626
51.679626
51.679626
51.679626
51.679626
51.679626
56.172684
62.49904
62.438232
62.5629
62.55679
62.49538
61.385796
61.385796
61.385796
61.385796
61.385796
61.385796
68.73472
68.728455
68.77134
62.523685
63.211903
59.481598
61.07126
60.495167
61.385796
61.385796
61.385796
59.459034
60.812958
59.37411
59.36648
59.464195
60.50415
60.50415
60.50415
60.50415
60.50415
56.302956
56.536278
59.007797
56.541245
56.26798
56.077194
56.077194
56.077194
56.077194
56.077194
56.077194
56.077194
56.077194
56.077194
56.077194
56.077194
54.05062
55.933117
56.211334
56.10902
56.42767
56.18072
56.077194
56.077194
56.077194
56.077194
56.077194
56.077194