Model: LSTM
MSE: 0.4008276617824554
MAE: 0.31262577704663547
Predictions:
24.529697
24.529697
24.529697
24.529697
24.529697
24.529697
24.529697
24.529697
24.529697
24.529697
24.529697
24.529697
24.529697
24.529697
24.529697
24.529697
24.529697
24.529697
26.294662
27.13783
27.761883
28.18119
28.18119
28.18119
28.18119
28.18119
28.18119
28.18119
28.18119
28.18119
28.18119
28.18119
28.18119
28.18119
28.18119
28.18119
28.18119
28.18119
28.18119
28.18119
28.18119
28.18119
28.18119
28.18119
28.18119
28.18119
28.18119
28.18119
28.18119
28.18119
28.18119
28.18119
28.18119