Model: SARIMA
MSE: 0.02874800831785101
MAE: 0.14548157615232601
Predictions:
8.726555791176363
8.949430172950473
9.162205348757823
9.365338948409192
9.559267864932256
9.744409194226643
9.92116113214002
10.08990383089454
10.251000216705675
10.404796770351908
10.551624272374141
10.691798514507536
10.825620978875936
10.953379486409649
11.07534881588118
11.191791294890333
11.302957364069734
11.40908611572425
11.510405808062833
11.607134356128707
11.69947980048384
11.78764075465571
11.871806832308708
11.952159055058932
12.028870241809496
12.102105380443712
12.172021982675565
12.23877042282071
12.302494261216566
12.363330552987145
12.421410142816683
12.476857946366056
12.529793218937254
12.580329811963733
12.628576417878325
12.674636803885317
12.718610035139527
12.760590687812362
12.80066905250312
12.83893132843302
12.875459808839645
12.910333057970504
12.943626080056427
12.975410480628183
13.005754620523277
13.034723762914194
13.062380213674258
13.088783455383053
13.113990275259582
13.138054887298344
13.161029048870994
13.182962172044395
13.20390142985445
13.223891857764311
13.242976450525159
13.2611962546479
13.278590456684634
13.29519646750981
13.31105000278228
13.326185159761362