Model: XGB
MSE: 425.3519088103068
MAE: 13.3294453537255
Predictions:
115.04508
82.78382
73.75068
72.92313
73.12622
73.24072
69.50632
68.250755
67.54367
81.872856
83.539215
86.92867
92.939735
122.26727
133.53123
133.18263
129.50363
129.90248
130.31764
130.21933
130.18379
53.832954
49.543602
48.238743
52.620155
54.8849
56.330902
55.888733
56.647617
57.479717
59.805458
58.023422
55.369007
53.062
53.062
98.07467
114.97155
137.42572
138.3013
139.02817
130.8937
101.9051
96.327644
87.52134
90.940926
78.87007
74.33241
74.8521
74.694145
65.61894
65.4414
65.86678
66.4404
66.8707
72.43359
65.08526
93.309586