Model: SARIMA
MSE: 13131.278525640453
MAE: 114.08988723485618
Predictions:
126.63654342097158
125.47885245986924
124.75870668500532
126.69162736092515
125.3504844254688
124.816112860101
124.77563745934347
125.29659993312148
124.52947583823759
126.89153115527671
129.92660317722013
128.84291421554167
120.8639409163427
120.0577856956922
119.66730445810427
121.9061321515278
120.8568475420983
120.59557325841462
120.81095155334327
121.57143131914968
121.03108267680342
123.60172471622722
126.8315479389232
125.93642573051835
118.14454925222684
117.50454207799622
117.2695948909335
119.65077741035816
118.73972308232113
118.6072475824116
118.94294360390971
119.81563537475026
119.38248409465052
122.0494016974148
125.3684859987334
124.56283753124475