Model: TRANSFORMER
MSE: 17.26740806905037
MAE: 3.21799089367263
Predictions:
62.03203
62.03203
62.03203
62.03203
62.03203
62.03203
62.03203
62.03203
62.03203
62.03203
62.03203
66.32021
66.32021
66.32021
66.32021
66.32021
66.32021
66.32021
66.32021
66.32021
66.32021
66.32021
66.32021
66.32021
62.03203
66.3803
66.3803
66.3803
66.32021
65.16505
65.16505
62.03203
62.03203
57.782295
57.782295
54.84132
63.784077
62.03203
62.03203
60.825672
60.825672
60.825672
60.825672
62.03203
48.49049
48.49049
48.49049
51.126488
51.126488
54.84132
54.84132
65.16505
45.698605
54.84132
65.16505
65.16505
65.16505
65.16505
54.84132
65.16505
62.03203
65.16505
65.16505
66.06177
65.16505
66.06177
65.16505
66.06177
66.32021
66.32021
65.16505
65.16505
65.16505
62.03203
51.126488
54.84132
54.84132
62.03203
51.126488
66.06177
54.84132
48.49049
51.126488
51.126488
48.49049
45.698605
45.698605
45.698605
45.698605
48.49049
48.49049
48.49049
48.49049
48.49049
51.126488
51.126488
48.49049
48.49049
48.49049
48.49049
48.49049
48.49049
48.49049
45.698605
45.698605
45.698605
42.874855
42.874855
48.49049
48.49049
48.49049
48.49049
54.84132
51.126488
51.126488
54.84132
48.49049
48.49049
48.49049
45.698605
44.280396
42.874855
51.126488
51.126488
51.126488
51.126488
49.81948
51.126488
51.126488
51.126488
52.598057
58.58085
58.58085
48.49049
58.58085
62.03203
62.03203
64.08284
64.08284
64.08284
64.08284
64.08284
64.08284
64.08284
58.58085
58.58085
58.58085
54.84132
54.84132
65.16505
54.84132
54.84132
48.49049
48.49049
48.49049
51.126488
54.84132
54.84132
54.84132
54.84132
54.84132
54.84132
62.03203
54.84132
54.84132
54.84132
54.84132
54.84132
62.03203
65.16505
65.16505
62.03203
65.16505
65.16505
65.16505
65.16505
65.16505
65.16505
62.03203
62.03203
62.03203
62.03203
62.03203
62.03203
62.03203
62.03203
62.032032
62.03203
62.03203
62.03203
65.16505
65.16505
65.16505
65.16505
65.16505
65.16505
65.16505
65.16505
65.16505
65.16505
54.84132
54.84132
54.84132
54.84132
54.841324
54.841324
54.84132