Model: TRANSFORMER
MSE: 2.747411792786326
MAE: 0.9998467103490289
Predictions:
37.0936
37.0936
37.0936
37.0936
37.0936
37.0936
37.0936
37.0936
37.0936
37.0936
40.027363
43.57616
40.027363
40.027363
40.027363
40.027363
40.027363
34.739983
34.739983
34.739983
34.739983
34.739983
34.739983
34.739983
34.739983
34.739983
34.739983
34.739983
34.739983
34.739983
34.739983
34.739983
34.739983
31.93219
37.0936
37.0936
37.0936
37.0936
34.739983
34.739983
34.739983
34.739983
34.739983
34.739983
34.739983
37.0936
34.739983
34.739983
34.739983
34.739983
34.739983
34.739983
34.739983
34.739983
34.739983
34.739983
34.739983
37.0936
37.0936
37.0936
37.0936
37.093605
37.093605
37.093605
37.0936
37.0936
34.739983
34.739983
34.739983
34.739983
34.739983
34.739983
34.739983
34.739983
30.423298
30.423298
30.423298
30.423298
28.830261
28.830261
28.830261
28.830261
28.830261
28.830261
28.830261
28.830261
28.830261
28.830261
28.830261
28.830261
28.830261
28.830261
28.83026
27.289333
25.605661
25.605661
25.605661
31.93219
31.93219
31.93219
31.93219
31.93219
31.93219
25.605661
25.605661
25.605661