Model: RF
MSE: 39.69986017631364
MAE: 5.219024418530413
Predictions:
28.737191980954872
43.69998038269766
43.87685538269767
43.87685538269767
43.87685538269767
43.87685538269767
43.92623038269767
43.92623038269767
43.92623038269767
43.92623038269767
43.92623038269767
43.92623038269767
43.92623038269767
43.92623038269767
43.92623038269767
43.92623038269767
43.92623038269767
43.92623038269767
43.92623038269767
43.92623038269767
43.92623038269767
43.92623038269767
43.92623038269767
43.92623038269767
43.92623038269767
43.92623038269767
43.92623038269767
43.92623038269767
43.92623038269767
43.92623038269767
43.92623038269767
43.92623038269767
43.92623038269767
31.322475788620284
30.875
31.78125
31.84375
31.859375
32.203125
32.328125
32.640625
32.1875
30.718750000000004
29.343750000000004
29.500000000000004
29.781250000000004
29.687500000000004
30.187500000000004
30.3125
30.703125
30.96875
31.125
31.09375
31.046875
30.96875
41.784138424451605
30.554350788620287
26.23125
27.2625
31.3125
30.468750000000004
31.65625
31.9375
31.671875
33.828125
30.984375
26.625
28.749999999999996
30.203125000000004
31.671875
30.9375
30.510416666666668
31.255208333333332
30.859375
32.390625
33.03125
30.11979166666667
28.765625
32.28125
28.885416666666664
28.713541666666664
30.963541666666668
28.15625
28.0625
33.338541666666664
32.26562500000001
30.848958333333336
28.1953125
27.7578125
26.078125
24.296875000000004
24.734375000000004
25.34375
25.09375
22.671875000000004
24.328125000000007
26.446614583333332
24.578125000000004
29.140625
30.593750000000004
30.562500000000004
29.625000000000004
30.281250000000004
30.734375000000004
30.421875000000004
30.09375
42.75000000000001
40.18562499999999
33.015625
32.59375
30.203125000000004
29.671875000000004
29.375
31.125000000000004
30.3125
33.703125
33.0625
33.75
32.203125
29.5625
29.500000000000004
30.328125000000004
30.046875000000004
27.671875
28.734375
30.072916666666668
30.82291666666667
34.71874999999999
33.796875
31.484375
31.703125
35.59375
35.65625
36.578125
29.76041666666667
29.604166666666668
35.453125
35.984375
41.03665997617574
36.15671532958156
41.235491439229115
43.5761522546094
43.708750000000016
44.00000000000002
43.85437500000002
43.997478448275885
43.99522529701538
43.992869811309475
43.97820312808828
43.92623038269767
43.92623038269767
43.92623038269767
43.92623038269767
43.92623038269767
43.92623038269767
43.92623038269767
43.92623038269767
43.92623038269767
43.92623038269767
43.92623038269767
43.92623038269767
43.92623038269767
43.92623038269767
43.92623038269767
43.92623038269767
43.92623038269767
43.92623038269767
43.92623038269767
43.92623038269767
43.92623038269767
43.92623038269767
43.92623038269767
43.92623038269767
43.92623038269767
43.92623038269767
43.92623038269767
43.92623038269767
43.92623038269767
43.92623038269767
43.92623038269767
43.92623038269767
43.92623038269767
43.92623038269767
43.92623038269767
43.92623038269767
43.92623038269767
43.92623038269767
43.92623038269767
43.92623038269767
43.92623038269767
43.92623038269767
43.92623038269767
43.92623038269767
43.92623038269767
43.92623038269767
43.92623038269767
43.92623038269767
43.92623038269767
43.92623038269767
43.92623038269767
43.92623038269767
43.92623038269767
43.92623038269767
43.92623038269767
43.92623038269767
43.92623038269767
43.92623038269767
43.92623038269767
43.92623038269767
43.92623038269767
43.92623038269767
43.92623038269767