Model: RF
MSE: 685.4068034002817
MAE: 11.685757504411725
Predictions:
123.44222180764774
158.641847041847
158.641847041847
158.641847041847
158.641847041847
158.641847041847
158.641847041847
158.641847041847
158.641847041847
158.641847041847
158.641847041847
158.641847041847
158.641847041847
158.641847041847
214.6719047619046
214.6719047619046
214.6719047619046
214.6719047619046
214.6719047619046
214.6719047619046
214.6719047619046
80.70596505033613
80.70596505033613
80.70596505033613
80.70596505033613
80.70596505033613
80.70596505033613
80.70596505033613
80.70596505033613
80.70596505033613
80.70596505033613
80.70596505033613
80.70596505033613
80.70596505033613
80.70596505033613
145.43924374967136
145.43924374967136
145.43924374967136
145.43924374967136
145.43924374967136
145.43924374967136
117.97485645862042
117.97485645862042
117.97485645862042
117.97485645862042
117.97485645862042
117.97485645862042
117.97485645862042
98.86121069892386
117.97485645862042
117.97485645862042
117.97485645862042
117.97485645862042
117.97485645862042
117.97485645862042
117.97485645862042
127.98403963318431