Model: XGB
MSE: 19.006391219906156
MAE: 2.170878863725506
Predictions:
16.170906
25.62289
25.62289
25.62289
25.62289
25.62289
48.122208
48.122208
48.122208
48.122208
48.122208
40.998966
40.998966
40.998966
40.998966
40.998966
40.998966
40.998966
40.998966
40.998966
40.998966
40.998966
40.998966
40.998966
40.998966
39.604668
39.604668
39.604668
39.604668
44.544838
44.544838
44.544838
44.544838
44.544838
44.544838
44.544838
35.65482
35.65482
35.65482
35.65482
35.65482
32.741302
32.741302
32.741302
35.65482
32.545437
32.545437
32.741302
32.741302
32.741302
32.741302
32.741302
32.741302
25.62289
25.62289
25.62289
25.62289
25.62289
25.62289
25.62289
25.62289