Model: LSTM
MSE: 2.544284178185349
MAE: 0.8129710969470796
Predictions:
47.02652
47.02652
47.02652
47.02652
47.02652
47.02652
47.02652
47.02652
47.02652
49.55984
49.93116
50.32046
50.32046
50.32046
50.32046
50.32046
50.32046
50.32046
50.32046
47.804058
47.422455
47.02652
47.02652
47.02652
47.02652
47.02652
47.02652
47.02652
47.02652
47.02652
47.02652
47.02652
47.02652
49.55984
49.93116
50.32046
50.32046
50.32046
50.32046
50.32046
50.32046
50.32046
50.32046
50.32046
55.356987
62.428818
64.18607
65.04401
65.04401
65.04401
65.04401
65.04401
65.04401
65.04401
65.04401
65.04401
68.004654
67.642395
67.841125
64.69878
65.979195
65.04401
65.04401
65.04401
65.04401
62.080524
63.155396
59.49072
60.279625
59.553738
59.553738
59.553738
59.553738
59.553738
59.553738
59.553738
59.553738
56.83098
57.272263
56.667046
56.667046
56.667046
56.667046
56.667046
56.667046
56.667046
56.667046
56.667046
56.667046
56.667046
56.667046
56.667046
56.667046
53.994167
56.79703
56.182117
56.667046
56.667046
56.667046
56.667046
56.667046
56.667046
56.667046
56.667046
56.667046