Model: LSTM
MSE: 14.155504971230235
MAE: 2.312021328852727
Predictions:
50.941242
54.682526
55.16956
59.75582
61.114525
62.12965
62.28372
57.532223
56.427345
65.02919
66.65083
58.54209
56.247723
54.043533
59.308426
61.41663
62.12965
55.433414
53.478645
52.069767
51.52836
52.372723
59.150906
60.769417
61.678623
62.064354
62.24153
64.577934
65.138245
67.675644
68.166214
68.268616
68.19291
68.15995
68.15995
68.15995
68.15995
68.15995
68.15995
68.15995
68.15995
68.15995
68.15995
68.15995
68.15995
68.15995
68.15995
68.15995
68.15995
68.15995
68.15995
68.15995