Model: TRANSFORMER
MSE: 771.9459892544158
MAE: 15.417067068594474
Predictions:
146.26018
146.26018
146.26018
146.26018
146.26018
146.26018
158.77
158.77
158.77
158.77
158.77
212.25043
212.25043
212.25043
212.25043
212.25043
212.25043
212.25043
77.74767
77.74767
77.74767
77.74767
77.74767
77.74767
77.74767
77.74767
77.74767
77.74767
77.74767
77.74767
77.74768
77.74768
136.27806
136.27806
136.27806
136.27806
136.27806
136.27806
111.53906
111.53906
111.53906
111.53906
111.53906
111.53906
111.53906
95.3652
111.53906
111.53906
111.53906
111.53906
111.53906
111.53906
111.53906
119.406654