Model: LSTM
MSE: 6.629970160982594
MAE: 1.1956532126978825
Predictions:
43.66201
43.66201
43.66201
43.66201
43.66201
43.66201
43.66201
43.66201
43.66201
43.66201
43.66201
43.66201
43.66201
52.255642
52.621094
52.621094
37.80647
40.01284
40.01284
42.835537
43.66201
43.66201
40.663284
40.01284
40.01284
40.01284
42.835537
43.66201
43.66201
43.66201
43.662006
43.662006
43.66201
43.66201
49.55417
46.617382
47.06923
47.06923
47.06923
40.52466
40.01284
40.01284
40.01284
40.01284
40.01284
40.01284
40.01284
40.01284
40.01284
40.01284
40.01284
40.01284
40.01284
40.01284
40.01284
40.01284
40.01284