Model: PROPHET
MSE: 143.33373137201372
MAE: 10.412757274284756
Predictions:
26.65537241985968
26.594711014953013
26.28781143335919
25.59517657390125
25.02424929926167
24.378172576336425
23.62523761582544
22.92213286582153
22.369492684251465
21.622572802286456
20.55786635211222
19.697644782567878
18.858215935422635
18.01890588329216
17.344892778976476
16.942405635546994
16.469127486694898
15.80062687315733
15.454809640641017
15.240188200755131
15.124976761448094
15.260139607291547
15.734901096196545
16.187549571015964
16.4723490599628
17.084538123702785
17.80919816268235
18.590983059231355
19.557819283745648
20.77706638140225
21.866951038338726
22.664069915517096
23.648922796162495
24.595241961642085
25.440095188208723
26.307859379677303
27.266545391637095
27.93928094613536
28.17174380617765
28.45750714258428
28.587066826252382
28.517535211916893
28.396108782635245
28.31580347457315
27.92628039669492
27.100572045106368
26.35969048798042
25.520907856358427
24.56671477913173
23.667585065849355
22.937060645392265
22.041998326577055
20.86880543844898
19.947660385768142
19.10052017732111
18.309929091284776
17.741761842603594
17.50041668764871
17.23929776049237
16.827407770641162
16.774037662032228