Model: RF
MSE: 1.4551832594725151
MAE: 0.6862810503532112
Predictions:
54.11474880942491
55.90556488301327
55.90556488301327
55.90556488301327
55.90556488301327
59.3896141185389
59.3896141185389
59.3896141185389
59.3896141185389
59.3896141185389
52.51178485566417
52.51178485566417
52.51178485566417
52.51178485566417
52.51178485566417
52.51178485566417
52.51178485566417
52.51178485566417
52.51178485566417
55.040351384726385
52.51178485566417
52.51178485566417
52.51178485566417
52.51178485566417
52.51178485566417
52.51178485566417
52.51178485566417
52.51178485566417
52.51178485566417
52.51178485566417
55.90556488301327
55.90556488301327
55.90556488301327
55.90556488301327
55.90556488301327
55.90556488301327
55.90556488301327
55.90556488301327
55.90556488301327
55.90556488301327
55.90556488301327
55.90556488301327
55.90556488301327
55.90556488301327
55.90556488301327
55.90556488301327
55.90556488301327
55.90556488301327
55.90556488301327
55.90556488301327
55.90556488301327
55.90556488301327
55.90556488301327
55.90556488301327
55.90556488301327
55.90556488301327
55.90556488301327
55.90556488301327
55.90556488301327
55.90556488301327
55.90556488301327
55.90556488301327