Model: LSTM
MSE: 105.10550210245617
MAE: 7.172125092868147
Predictions:
47.382675
47.45936
47.517403
47.36557
47.237408
47.237408
47.237408
47.237408
47.237408
47.237408
47.237408
47.237408
47.237408
47.237408
47.237408
47.237408
47.237408
47.237408
47.237408
47.237408
47.237408
47.237408
47.237408
47.237408
47.237408
47.237408
47.237408
47.237408
47.237408
47.237408
47.237408
47.237408
47.237408
47.237408
49.57932
49.63215
49.55081
49.69872
49.850613
49.850613
49.850613
49.850613
49.850613
49.850613
49.850613
49.850613
49.850613
49.850613
49.850613
49.850613
49.850613
49.850613
49.850613
49.850613
47.382675
49.932686
49.928707
49.683155
67.64813
71.14056
63.538486
74.316216
75.51049
73.749695
74.409134
107.06699
95.5186
95.57943
94.344376
109.25241
94.29162
99.491234
99.03422
98.534164
98.65404
107.754555
103.752686
104.229774
105.4961
105.269035
105.269035
105.269035
105.269035
105.269035
105.269035
105.269035
105.269035
105.269035
105.269035
105.269035
105.269035
105.269035
105.269035
105.269035
105.26904
105.26904
105.269035
105.269035
105.269035
105.269035
105.269035
105.269035
105.269035
105.269035
105.269035
105.269035
105.269035
105.269035
105.269035
105.269035
105.269035
105.269035
105.269035
105.269035
105.26904
105.26904