Model: XGB
MSE: 147.9208178675841
MAE: 6.326990274282602
Predictions:
44.99913
51.904144
51.904144
51.904144
51.904144
51.904144
51.904144
51.904144
51.904144
51.904144
51.904144
51.904144
51.904144
51.904144
51.904144
37.280075
37.280075
37.280075
51.904144
51.904144
51.904144
51.904144
51.904144
51.904144
51.904144
51.904144
37.280075
37.280075
37.280075
37.280075
37.280075
37.280075
37.280075
37.280075
37.280075
58.993004
58.993004
58.993004
58.993004
58.993004
58.993004
58.993004
58.993004
58.993004
58.993004
58.993004
37.280075
106.25587
58.993004
58.993004
58.993004
58.993004