Model: RF
MSE: 10.664415879729143
MAE: 2.258405317063308
Predictions:
15.184375000000014
33.15761907774374
33.430422992227605
33.44577625309717
33.462253525824444
33.462253525824444
33.39629607901593
33.271873810108374
33.21421756010837
33.18026485740567
33.02505652407233
31.7415337967996
31.6790337967996
31.6790337967996
31.6477837967996
31.5540337967996
31.5540337967996
31.5540337967996
31.5540337967996
29.277038285515452
28.96523970037966
31.441806805392662
31.589030186279686
31.562556524072328
31.619991243608112
31.744413512515674
31.736112315707164
31.6456427495023
31.680694832835638
32.64901485740567
32.65005652407233
31.6477837967996
27.129625779625787
27.129625779625787
27.108952702702712
26.86520270270271
26.86520270270271
26.92770270270271
27.05270270270271
27.05270270270271
27.05270270270271
27.08395270270271
27.43395270270271
29.49706240156582
29.494747118165012
29.494747118165012
29.495505657409197
29.495367380412368
28.400000000000006
28.872324509955707
28.8733907531499
28.8708907531499
28.875458060842206
29.126166352245313
29.56439378644222
29.194488980494988
29.196666334800295
29.185955872479184
29.131182375744423
29.003930565500564
29.128730789152126