Model: TRANSFORMER
MSE: 64.45452028753606
MAE: 6.8409201764830065
Predictions:
33.452522
33.452522
33.452522
33.452522
33.452522
33.452522
33.452522
33.452522
33.452522
33.452522
33.452522
36.029663
36.029663
36.029663
36.029663
36.029663
36.029663
36.029663
36.029663
36.029663
36.029663
36.029663
36.029663
36.029663
33.452522
36.60716
36.60716
36.60716
36.60716
36.029663
36.029663
36.029663
36.029663
36.029663
36.029663
28.995718
33.452522
33.452522
23.195812
31.300163
31.300163
31.300163
31.300163
31.300163
28.995718
28.995718
28.995718
33.452522
33.452522
33.452522
33.452522
36.60716
28.995718
34.98395
36.60716
36.60716
36.60716
36.60716
33.452522
36.93173
36.029663
36.60716
36.60716
36.93173
36.60716
36.93173
36.60716
36.93173
37.116127
37.116127
36.60716
36.60716
36.60716
32.457565
31.300163
33.452522
33.452522
33.452522
33.452522
36.60716
31.300163
26.75245
28.99572
28.995718
26.75245
24.57669
26.75245
26.75245
24.57669
31.300163
31.300163
31.300163
31.300163
31.300163
31.300163
31.300163
31.300163
31.300163
31.300163
31.300163
31.300163
31.300163
31.300163
24.576693
24.57669
24.57669
24.57669
24.57669
31.300163
31.300163
31.300163
31.300163
26.75245
26.75245
26.75245
28.995718
26.75245
26.75245
26.75245
24.57669
25.688385
25.688385
26.75245
26.75245
26.75245
26.75245
28.995718
28.995718
28.995718
28.995718
28.995718
31.300163
31.300163
26.75245
36.029663
36.79314
31.300163
33.452522
33.452522
33.452522
33.452522
33.452522
33.452522
36.93173
36.60716
36.60716
36.60716
36.60716
36.60716
36.93173
36.029663
36.029663
33.452522
33.452522
33.452522
34.98395
36.60716
36.029663
36.029663
36.029663
36.029663
28.995718
36.60716
28.995718
36.029663
36.029663
36.029663
36.029663
36.029663
36.93173
36.93173
36.029663
36.93173
36.93173
36.93173
36.93173
36.93173
36.60716
36.029663
36.029663
36.029663
36.029663
36.029663
36.029663
36.029663
36.029663
36.029663
36.029663
36.029663
36.029663
36.93173
36.93173
36.93173
36.93173
36.93173
36.93173
36.93173
36.93173
36.93173
36.93173
36.029663
36.029663
36.029663
36.029663
36.02966
36.02966
36.02966