Model: SARIMA
MSE: 2.503511962126411
MAE: 1.2414125870761832
Predictions:
21.733065481713517
21.598211642556223
21.470085249096698
21.348350689639354
21.232689095129903
21.12279750391619
21.018388068176513
20.919187299936876
20.824935354702056
20.735385350824178
20.650302722825906
20.569464606984344
20.492659257566288
20.41968549218571
20.350352164830685
20.284477665179356
20.221889442893513
20.162423555643734
20.105924239682118
20.052243501837875
20.001240731867
19.95278233414062
19.906741377707288
19.86299726381262
19.821435410005336
19.781946950002297
19.74442844852635
19.708781630370048
19.674913122975557
19.64273421185645
19.612160608220762
19.583112228186636
19.555512983012218
19.529290579790317
19.50437633208585
19.48070498001995
19.458214519329566
19.436846038954744
19.41654356672818
19.39725392276285
19.378926580153696
19.361513532628447
19.344969168800976
19.329250152697746
19.314315310244428
19.30012552141537
19.286643617763385
19.273834285061458
19.261663970801386
19.250100796307017
19.23911447323186
19.22867622422244
19.218758707539433
19.209335945439303
19.200383256128703
19.19187718911349
19.18379546377297
19.17611691099848
19.168821417743477
19.161889874339792
19.155304124442186