Model: SARIMA
MSE: 6228.844240234797
MAE: 74.14484805684842
Predictions:
149.47752725020828
142.5935664048317
142.43587141761353
142.3492360923405
142.3016399086091
142.27549125967568
142.26112557344965
142.2532332750265
142.2488973614182
142.24651527374095
142.24520658952477
142.24448761750955
142.30153782387038
143.05820335946024
143.0754224997244
143.08488244416537
143.09007959962457
143.09293484100954
143.09450346896963
143.09536525028528
143.09583870036704
143.09609880693455
143.09624170568787
143.0963202121781
143.0900473175947
143.00685276233142
143.0049594501318
143.00391929203195
143.0033478443474
143.00303389932668
143.00286142251264
143.00276666626735
143.00271460856865
143.0026860088285
143.0026702965485
143.00266166445113
143.00335136082367
143.01249849381378
143.01270666095877
143.01282102495114
143.01288385486004
143.0129183726953
143.01293733629043
143.01294775461292
143.01295347828727
143.01295662279045
143.01295835033466
143.01295929942222
143.01288346820317
143.01187775283134
143.01185486512452
143.01184229095233