Model: PROPHET
MSE: 117.0188996793006
MAE: 9.966124833182336
Predictions:
49.610674135215895
49.9913164057202
50.37050531098798
50.294287756761655
50.74774654801617
50.72399400200744
50.53302083282824
49.99534368575085
50.44815374268303
50.9026111119936
50.90282109461319
51.43167281211245
51.47991862091679
51.355118238728906
50.87538740390908
51.375649679317895
51.86503218477388
51.88593743931051
52.419968044454706
52.45707916750638
52.304579699261936
51.780919379835034
52.22195859554402
52.63836041488036
52.574636572376484
53.015024429318686
52.95257093937571
52.698046308954886
52.07362715763915
52.419049015741216
52.748871387952406
52.6113911655977
52.994385773586565
52.89406658035603
52.6238697570543
52.00802873493075
52.3876321429326
52.777814062295796
52.72661542518343
53.220700314777574
53.254309303651546
53.13807779561709
52.69266342859963
53.25488544494754
53.835021020493706
53.975794706176366
54.65824130783619
54.870820244648975
54.91840470731824
54.616084617306846
55.295480975908085
55.96221117690978
56.15503608588948
56.851864095702574
57.03898547964069
57.02015619488069
56.6104666577986
57.142690408213106
57.624750468980075
57.59883341087973
58.047326554598214