Model: LSTM
MSE: 2.7463877049616383
MAE: 0.8280149373141202
Predictions:
50.36163
50.36163
50.36163
50.36163
50.36163
50.36163
50.36163
50.36163
50.36163
50.36163
50.36163
50.36163
50.36163
50.36163
50.36163
50.36163
50.36163
50.36163
50.36163
50.36163
48.13849
49.82894
50.01312
50.16996
50.36163
50.36163
50.36163
50.36163
50.36163
50.36163
54.6093
55.579063
60.29082
61.591053
61.978157
62.345802
62.345802
62.345802
62.345802
62.345802
62.345802
64.90012
65.0054
65.16282
65.34876
68.06375
68.04922
68.18439
68.363045
68.363045
68.363045
68.363045
68.363045
76.79589
76.73287
77.205696
77.68022
77.68022
77.68022
77.68022
77.68022
77.68022
77.68022
77.68022
77.68022
77.68022
77.68022
77.68022
77.68022
77.68022
77.68022
77.68022
77.68022
77.68022
77.68022
77.68022
77.68022
77.68022
77.68022
77.68022
77.68022
77.68022
77.68022
77.68022
77.68022
77.68022
77.68022
77.68022