Model: RF
MSE: 1575.6038108444814
MAE: 32.8735521202689
Predictions:
36.47223039215683
149.74035504936248
153.88009189146777
151.53009189146775
151.73009189146774
151.73009189146774
151.73009189146774
152.68009189146775
153.80342522480112
154.7534252248011
154.7534252248011
153.74342522480111
153.92050855813443
151.15629058054952
151.15629058054952
151.15629058054952
106.59682017543861
102.89833333333334
105.34833333333333
105.34833333333333
105.34833333333333
105.34833333333333
105.34833333333333
105.34833333333333
105.34833333333333
105.34833333333333
105.34833333333333
105.29833333333335
106.50000000000001
106.50000000000001
106.50000000000001
106.50000000000001
106.50000000000001
106.50000000000001
106.50000000000001
106.50000000000001