Model: XGB
MSE: 7.632703592917096
MAE: 1.4972283722924404
Predictions:
21.87455
27.722527
27.62425
27.62425
27.62425
27.62425
27.62425
27.62425
27.62425
27.62425
27.62425
27.62425
27.62425
27.62425
27.62425
27.62425
27.62425
34.374386
33.92219
33.92219
21.83141
21.130222
21.130222
18.753933
19.790813
19.790813
30.028902
32.21285
32.21285
32.21285
22.57959
26.758856
27.62425
27.62425
29.69627
32.21285
32.21285
32.21285
34.34056
33.92219
33.92219
33.92219
33.92219
28.12345
27.62425
27.62425
27.62425
27.62425
27.62425
27.62425
27.62425
27.62425
27.62425
27.62425
27.62425
27.62425
27.62425
27.62425
27.62425
27.62425
27.62425