Model: LSTM
MSE: 183.2363440368691
MAE: 7.914120613260472
Predictions:
112.032326
112.032326
112.032326
112.032326
112.032326
112.032326
112.032326
112.032326
112.032326
112.032326
105.34162
103.40735
102.59523
95.69366
115.93548
120.68387
123.09923
116.83357
112.54171
111.70326
111.52374
131.7724
137.337
139.58197
139.99925
139.59167
127.55017
123.52032
127.72218
122.6973
158.73595
169.32632
173.9137
176.73761
177.2954
177.2954
177.2954
177.2954
177.2954
177.2954
177.2954
177.2954
183.64413
185.51376
180.04146
178.44513
177.75755