Model: SARIMA
MSE: 80.30929193958063
MAE: 8.722675244819923
Predictions:
24.90119413180584
24.80623585982721
24.71497535494051
24.627268622513345
24.542977275203793
24.46196831460707
24.3841139214051
24.309291253687867
24.237382253128327
24.16827345870504
24.10185582767865
24.038024563539693
23.976678950656297
23.91772219536084
23.8610612732249
23.806606782281392
23.75427280196242
23.703976757530242
23.655639289787388
23.6091841298604
23.56453797885964
23.521630392225227
23.480393668576678
23.440762742890847
23.40267508383962
23.366070595125354
23.33089152065847
23.297082353427438
23.264589747917547
23.23336243594009
23.20335114573929
23.174508524249266
23.146789062378392
23.120149023203155
23.094546372958206
23.069940714713734
23.046293224635512
23.023566590727015
23.00172495395701
22.98073385167967
22.960560163257988
22.941172057804636
22.922538943957875
22.904631421613225
22.887421235534752
22.870881230772774
22.85498530981766
22.839708391422082
22.825026371026773
22.81091608272736
22.79735526272222
22.78432251418373
22.77179727349747
22.759759777816075
22.7481910338766
22.73707278803216
22.726387497450567
22.7161183024345
22.706248999819582
22.69676401740837
22.68764838939985