Model: SARIMA
MSE: 9360.641724804644
MAE: 94.58551983699526
Predictions:
100.34054085850735
100.65691419526753
100.95083513224847
101.22389707255108
101.47758033856037
101.71326019706359
101.93221431484157
102.13562968515112
102.32460906264848
102.50017694163888
102.66328511006121
102.81481780931732
102.95559652791827
103.0863844549348
103.20789061739512
103.32077372405959
103.42564573641026
103.52307518621421
103.61359025764587
103.69768165067704
103.7758052412579
103.84838455270996
103.91581305172912
103.97845628144587
104.03665384310645
104.09072123711775
104.14095157343704
104.18761716057854
104.23097098185139
104.27124806683179
104.30866676550446
104.34342993198084
104.37572602421096
104.40573012565108
104.4336048944254
104.45950144512773
104.48356016804335
104.50591149023232
104.52667658260015
104.54596801678909
104.56389037545114