Model: PROPHET
MSE: 13089.363566310387
MAE: 111.2952197628386
Predictions:
101.536815120988
101.13017680182061
100.1205536834484
98.33781481275928
98.43928091531211
96.87816223237843
94.03326844154596
91.44109626077935
89.84471803134522
87.69477827430366
84.86399149277263
84.05296339650714
81.75723720014707
78.39559105075452
75.5407367080646
73.96688738752513
72.1495450787504
69.97894126978122
70.1649899580992
69.20368616349673
67.50500137974261
66.62344442321853
67.30576621851476
67.99116132710304
68.52539431717776
71.56669575867917
73.55333900656467
74.83291975662544
76.89447075944926
80.41784852877825
83.77569868172125
86.74937868796421
91.93663175763048
95.72087172885625
98.40205089639903
101.43019586850896
105.45600515225378
108.83377744068432
111.33801834613661
115.57149588523716
117.9345895217919