Model: SARIMA
MSE: 1497.4521389198194
MAE: 32.95198719762877
Predictions:
139.18240436921354
138.40560692622643
137.66757183319282
136.96636484098835
136.30014821991227
135.66717594334855
135.0657891117635
134.49441160504662
133.9515459518005
133.4357694047543
132.9457302120144
132.480144074381
132.03779077944472
131.61751100364296
131.21820327389398
130.83882108084626
130.47837013617712
130.1359057667529
129.81053043882088
129.5013914057446
129.20767847311782
128.92862187539933
128.6634902585047
128.41158876306656
128.17225720334093
127.94486833698635
127.7288262211814
127.52356465077234
127.32854567435741
127.14325818441895
126.96721657780805
126.79995948307142
126.6410485512849
126.4900673072245
126.34662005786444
126.21033085534113
126.08084251166561
125.95781566260207
125.84092787825885
125.7298728180613
125.62435942789156
125.52411117729132
125.42886533472816
125.33837227902647
125.25239484515791
125.17070770267716
125.09309676517381
125.01935862919278
124.94930004115263
124.8827373908648
124.81949623032645
124.7594108165254