Model: TRANSFORMER
MSE: 4.190388968118449
MAE: 1.7980670605675648
Predictions:
39.165043
39.165043
39.165043
39.165043
39.165043
39.165043
39.165043
39.165043
39.165043
39.165043
39.165043
39.165043
39.165043
39.165043
39.165043
39.165043
39.165043
39.165043
39.165043
39.165043
39.165043
39.165043
39.165043
39.165043
39.165043
39.165043
39.165043
39.165043
39.165043
39.165043
45.598484
45.598484
45.598484
45.598484
45.598484
45.598484
45.598484
45.598484
45.598484
45.598484
45.598484
47.910397
47.910397
47.910397
47.910397
47.910397
45.598484
47.910397
47.910397
47.910397
47.910397
47.910397
47.910397
47.910397
47.910397
47.910397
47.910397
47.910397
47.910397