Model: XGB
MSE: 15.041870448213874
MAE: 3.4922569316366445
Predictions:
18.750582
29.772276
30.649294
30.654505
24.604992
26.442896
27.010849
27.255102
27.68648
27.714289
27.716125
27.719793
27.743979
26.65501
26.709162
26.699532
26.692694
27.087532
25.483412
26.075466
26.075466
27.278172
26.421844
26.242702
26.22028
26.22028
25.333147
30.134813
30.210201
30.091206
29.738499
30.58047
30.062937
30.0721
30.34099
30.468033
30.468454
30.464787
30.502354
30.469809
30.484346
30.29958
30.29958
30.936695
30.657925
30.657925
30.657925
30.657925
31.582407
31.507893
31.518318
31.511251
31.511251
43.204475
43.204475
43.158455
43.194164
43.462006
44.31327
44.1013
44.1013
44.1013
44.509365
44.509365
44.509365
44.494926
44.494926
44.494926
44.494926
44.494926
44.494926
44.494926
44.494926
44.494926
44.494926
44.494926
44.486134
44.486134
44.486134
44.486134
44.486134
44.486134
44.486134
44.486134
44.486134
44.486134
44.486134
44.486134
44.486134
44.486134
44.486134
44.486134