Model: TRANSFORMER
MSE: 1063.493126752042
MAE: 18.94767218369704
Predictions:
199.12076
199.12076
199.12076
199.12076
227.40053
227.40053
227.40053
227.40053
227.40053
259.82257
259.82257
259.82257
259.82257
259.82257
259.82257
259.82257
116.63705
116.63705
116.63705
116.63705
116.63705
116.63705
116.63705
116.63705
116.63705
116.63705
116.63705
116.63705
116.63705
116.63705
199.12076
199.12077
199.12076
199.12076
199.12076
199.12076
145.26259
145.26259
145.26259
145.26259
145.26259
145.26259
145.26259
116.63705
145.26259
145.26259
145.26259
145.26259
145.26259
145.26259
145.26259
165.741