Model: LSTM
MSE: 137.99871549006747
MAE: 5.673589990494099
Predictions:
157.22116
157.22116
157.22116
157.22116
157.22116
157.22116
157.22116
157.22116
157.22116
157.22116
157.22116
99.12407
101.001755
93.88639
90.67278
94.210205
94.210205
94.210205
94.210205
94.210205
87.07599
86.58459
85.48679
84.80591
64.87897
64.20648
61.22431
58.509575
58.25153
57.997612
58.750854
59.30798
60.26648
60.26648
60.26648
69.20144
68.854965
70.23652
71.03467
72.6233
72.6233
72.6233
72.6233
72.6233
72.62331
72.62331
72.6233