Model: LSTM
MSE: 0.5372135885978391
MAE: 0.611055006060684
Predictions:
43.261612
43.261612
43.261612
43.261612
43.261612
43.261612
43.261612
43.261612
43.261612
43.261612
43.261612
43.261612
43.261612
43.261612
43.261612
43.261612
43.261612
43.261612
43.261612
43.261612
43.261612
43.261612
46.22343
46.277676
46.277676
46.277676
46.277676
46.277676
46.277676
46.277676
46.277676
46.277676
46.277676
46.277676
46.277676
46.277676
46.277676
46.277676
46.277676
46.277676
46.277676
46.277676
46.277676
46.277676
46.277676
46.277676
46.277676
46.277676
46.277676
46.277676
46.277676
46.277676
46.277676
46.277676
46.277676
46.277676
46.277676