Model: XGB
MSE: 115.85107344577325
MAE: 8.809980540905359
Predictions:
14.328225
27.238586
27.715551
27.354382
27.91004
28.271952
28.149189
28.225298
29.051414
29.88766
32.573685
33.968483
33.78428
35.034763
35.05837
35.07739
35.14573
35.242496
35.483757
35.377556
34.93932
34.881577
34.839565
31.92176
31.110863
30.249895
28.759329
28.770317
27.60287
32.995255
32.817745
33.138786
33.579647
33.93671
33.93671
33.93671
34.901875
34.811516
34.446423
35.203922
24.19983
34.827503
33.030003
26.930456
29.376707
30.869324
27.300892
30.118093
30.409767
26.26654
33.3233
29.636822
34.219967
29.86527
34.479828
32.836727
32.862034
29.971277
39.280193
30.858072
31.957767
35.241383
34.797947
30.053722
35.240273
32.59414
30.045847
29.975037
34.186356
34.811737
34.71291
33.071266
34.0773
36.046116
33.084984
34.689404
33.427746
33.319454
28.679117
28.334614
31.967674
32.668583
34.624763
33.83065
28.660576
30.258673
32.39281
30.417028
28.02964
31.400976
26.406923
28.500591
29.457094
25.830553
30.315224
30.128086
30.13361
35.261963
36.167038
33.73753
36.08924
37.554367
37.014984
37.33131
38.307293
38.504284
38.475197
38.40477
25.667645
24.59419
24.410177
24.930323
26.914278
37.2967
30.10262
35.227104
36.616005
26.27595
26.878716
31.494781
30.26723
28.222034
27.278688
27.58521
25.842026
27.78404
27.658268
28.944899
28.825262
27.69775
27.748625
29.46598
29.12118
29.100893
30.359215
29.716843
30.074669
31.355291
29.530466
37.86216
32.154026
33.409664
39.229282
39.756134
36.55976
40.420593
37.94944
36.317036
36.00817
37.04748
40.37316
38.675346
38.37766
39.926083
39.550163
37.144123
36.48317
35.686417
33.435986
33.430626
33.495644
32.729767
32.669086
33.501564
32.693497
34.982864
28.088585
36.195675
27.125229
35.608566
37.28904
34.471905
31.75374
34.331097
32.397537
36.444187
30.780884
28.90976
29.777355
28.783445
29.949944
28.781801
28.781801
28.334465
28.882225
33.312843
34.031982
33.86929
28.749603
28.71953
28.737545
28.278297
28.769432
28.278297
33.926098
28.868614
34.435833
27.548742
29.286076
27.476452
28.781801
28.781801
28.781801
28.781801
28.781801
28.781801
28.781801
28.781801
28.781801
28.781801
28.781801
28.781801