Model: TRANSFORMER
MSE: 12.137937278411018
MAE: 2.681251218949241
Predictions:
50.432697
50.432697
50.432697
50.432697
50.432697
50.432697
50.432697
50.432697
50.432697
50.432697
50.432697
50.432697
50.432697
50.432697
50.432697
50.432697
50.432697
50.432697
50.432697
47.21225
50.432697
50.432697
50.432697
50.432697
50.432697
50.432697
50.432697
50.432697
50.432697
55.98763
55.98763
61.036507
61.036507
61.036507
61.036507
61.036507
61.03651
61.036507
61.036507
61.036507
64.1288
64.1288
64.1288
64.1288
68.87008
68.87008
68.87008
68.87008
68.87008
68.87008
68.87008
68.87008
73.33701
73.33701
73.33701
73.33701
73.33701
73.33701
73.33701
73.33701
73.33701
73.33701
73.33702
73.33702
73.33701
73.33701
73.33701
73.33701
73.33701
73.33701
73.33701
73.33701
73.33701
73.33701
73.33701
73.33701
73.33701
73.33701
73.33701
73.33701
73.33701
73.33701
73.33701
73.33701
73.33701
73.33701
73.33701