Model: XGB
MSE: 43.5930858855011
MAE: 5.298571127765584
Predictions:
31.24992
43.922386
43.922386
43.922386
43.922386
43.922386
43.922386
43.922386
43.922386
43.922386
43.922386
43.922386
43.922386
43.922386
43.922386
43.922386
43.922386
43.922386
43.922386
43.922386
43.922386
43.922386
43.922386
43.922386
43.922386
43.922386
43.922386
43.922386
43.922386
43.922386
43.922386
43.922386
43.922386
31.59534
32.655247
32.655247
32.655247
32.655247
32.655247
32.655247
32.655247
32.655247
32.655247
32.655247
32.655247
32.655247
32.655247
32.655247
32.655247
32.655247
32.655247
32.655247
32.655247
32.655247
32.655247
43.922386
31.59534
21.923958
24.399076
32.655247
32.655247
32.655247
32.655247
30.552122
32.655247
30.552122
30.552122
30.552122
30.552122
32.655247
30.552122
30.552122
30.552122
30.552122
30.552122
31.59534
31.59534
30.552122
31.59534
30.552122
30.552122
30.552122
30.552122
24.399076
30.552122
28.849834
28.849834
24.399076
24.399076
24.399076
21.923958
24.399076
24.399076
24.399076
21.923958
21.923958
28.849834
24.399076
30.552122
30.552122
30.552122
30.552122
30.552122
30.552122
30.552122
30.552122
34.440834
40.619114
31.59534
31.59534
30.552122
30.552122
30.552122
31.59534
32.655247
32.655247
32.655247
31.59534
31.59534
31.59534
32.655247
30.552122
30.552122
30.552122
30.552122
28.849834
28.849834
30.552122
32.655247
32.655247
32.655247
40.619114
40.619114
40.619114
32.655247
31.59534
40.619114
40.619114
43.922386
40.619114
34.440834
34.440834
43.922386
43.922386
43.922386
43.922386
43.922386
43.922386
43.922386
43.922386
43.922386
43.922386
43.922386
43.922386
43.922386
43.922386
43.922386
34.440834
34.440834
34.440834
43.922386
43.922386
43.922386
43.922386
43.922386
43.922386
43.922386
34.440834
43.922386
43.922386
34.440834
34.440834
34.440834
43.922386
43.922386
43.922386
43.922386
43.922386
43.922386
43.922386
43.922386
43.922386
43.922386
43.922386
43.922386
43.922386
43.922386
43.922386
43.922386
43.922386
43.922386
43.922386
43.922386
43.922386
43.922386
43.922386
43.922386
43.922386
43.922386
43.922386
43.922386
43.922386
43.922386
43.922386
43.922386
43.922386
43.922386
43.922386
43.922386
43.922386
43.922386
43.922386