Model: XGB
MSE: 8.17588739184907
MAE: 2.493098524750256
Predictions:
21.87498
21.041807
21.041807
21.041807
21.041807
21.041807
21.041807
21.041807
21.041807
21.041807
21.041807
21.041807
21.041807
21.041807
21.041807
21.041807
21.041807
21.041807
21.041807
21.041807
21.041807
21.041807
21.041807
21.041807
21.041807
21.041807
26.785738
26.785738
26.785738
26.785738
26.785738
26.785738
26.785738
26.785738
26.785738
26.785738
26.785738
26.785738
26.785738
26.785738
26.785738
26.785738
26.785738
26.785738
26.785738
26.785738
26.785738
26.785738
26.785738
26.785738
26.785738
26.785738
26.785738
26.785738
26.785738
26.785738
26.785738
26.785738
26.785738
26.785738
26.785738