Model: SARIMA
MSE: 1861.4572922183227
MAE: 36.23627931745735
Predictions:
138.1138197388514
136.32424809736995
134.6263368605912
133.0153912570986
131.48695697785107
130.03680785989573
128.66093420091053
127.35553167226686
126.11699079995583
124.94188698429308
123.82697103080618
122.76916016612225
121.76552951401452
120.81330400803888
119.90985071839859
119.05267157182074
118.2393964443147
117.46777660771401
116.73567851188076
116.04107788538079
115.38205413831716
114.75678505184624
114.1635417396922
113.60068386772886
113.0666551184105
112.55997888751094
112.0792542012721
111.62315184267293
111.19041067610765
110.779834160311
110.39028703988862
110.02069220630464
109.67002771964675
109.3373239829342
109.02166106115537
108.72216613762217
108.4380111006077
108.16841025359452
107.9126181428021
107.66992749598663
107.43966726681357
107.2212007793962
107.01392396786913
106.81726370612954
106.6306762231277
106.45364559932497
106.28568234016215
106.12632202259338
105.97512401094372
105.83167023853923
105.69556405174123
105.56642911318794
105.4439083612113
105.32766302255163
105.21737167564027
105.11272936185993
105.01344674232587