Model: RF
MSE: 12.156320370505993
MAE: 1.8102737045172617
Predictions:
31.383339913223615
49.90192099567099
50.03125
50.03125
50.03125
44.01365428525212
43.798634135393954
40.95823240017819
42.8381966991342
42.8381966991342
39.90947723337033
42.196591456184755
42.8381966991342
46.5840258194658
43.798634135393954
43.798634135393954
43.798634135393954
40.95823240017819
42.8381966991342
45.52953536642025
47.708258928571425
39.22379581032477
36.91725020551211
36.91725020551211
33.708767361111114
32.52356376262626
32.52356376262626
37.19245029338523
36.91725020551211
36.91725020551211
36.91725020551211
36.91725020551211
44.15177712904317
43.798634135393954
45.568494206815345
43.73489919771746
43.798634135393954
50.84375
50.03125
54.224326963575294
48.151920995671
47.22713293650793
47.708258928571425
47.708258928571425
47.708258928571425
47.708258928571425
47.708258928571425
52.03125
50.03125
50.03125
50.03125
50.03125
50.03125
50.03125
50.03125
50.03125
50.03125
50.03125
50.03125
50.03125
50.03125
50.03125