Model: XGB
MSE: 242.67432332679445
MAE: 10.429110383087734
Predictions:
26.999866
49.77399
49.77399
127.34145
127.34145
125.83212
125.83212
125.83212
125.83212
125.83212
78.337875
78.337875
78.337875
78.337875
78.337875
78.337875
78.337875
78.337875
78.337875
78.337875
78.337875
75.278114
75.278114
78.337875
78.337875
78.337875
78.337875
84.58091
78.337875
84.58091
78.337875
84.58091
84.58091
75.278114
78.337875
78.337875
70.84032
84.58091
84.58091
84.58091
54.751553
54.751553
84.58091
70.84032
70.84032
70.84032
70.84032
70.84032
70.84032
75.278114
70.84032
70.84032
70.84032
70.84032
70.84032
54.751553
28.510456
57.93641
57.93641
63.126812
63.126812
44.860924
44.860924
44.860924
69.62151
44.860924
47.39299
47.39299
44.860924
48.40637
44.860924
44.860924
47.39299
47.39299
47.39299
49.77399
49.77399
49.77399
49.77399
49.77399
49.77399
49.77399
49.77399
49.77399
49.77399
69.62151
57.93641
57.93641
57.93641
57.93641
54.751553
57.93641
57.93641
57.93641
57.93641
57.93641
69.62151
64.78621
69.62151
57.93641
57.93641
69.62151
69.62151
69.62151
69.62151
57.93641
69.62151
69.62151
70.84032
70.84032
75.278114
78.337875
78.337875
78.337875
57.93641
57.93641
57.93641
64.78621
64.78621
69.62151
64.78621
57.93641
57.93641
57.93641
57.93641
57.93641
57.93641
57.93641
57.93641
57.93641
57.93641
57.93641
57.93641
57.93641
57.93641
57.93641
57.93641
57.93641
57.93641
57.93641
57.93641
57.93641
57.93641
57.93641
57.93641
57.93641
57.93641
57.93641
57.93641
57.93641
57.93641
57.93641
57.93641
57.93641
78.337875
84.58091
75.278114
78.337875
78.337875
78.337875
78.337875
78.337875
84.58091
84.58091
75.278114
75.278114
75.278114
78.337875
78.337875
78.337875
78.337875
78.337875
78.337875
78.337875
78.337875
78.337875
78.337875
78.337875
78.337875
78.337875
75.278114
78.337875
75.278114
78.337875
78.337875
78.337875
75.278114
78.337875
78.337875
78.337875
78.337875
78.337875
78.337875
78.337875
78.337875
78.337875
78.337875
78.337875
78.337875
78.337875
78.337875
78.337875
78.337875
78.337875
78.337875
78.337875
78.337875
78.337875
78.337875
78.337875
78.337875
78.337875