Model: TRANSFORMER
MSE: 1.5728956627634554
MAE: 1.0673678261893136
Predictions:
23.413685
23.413685
23.413685
23.413685
23.413685
23.413685
23.413685
23.413685
23.413685
23.413685
23.413685
23.413685
23.413685
23.413685
23.413685
23.413685
23.413685
23.413685
23.413685
23.413685
23.413685
27.458286
27.458286
27.458286
27.458286
27.458286
27.458286
27.458286
27.458286
27.458286
27.458286
27.458286
27.458286
27.458286
27.458286
27.458286
27.458286
27.458286
27.458286
27.458286
27.458286
27.458286
27.458286
27.458286
27.458286
27.458286
27.458286
27.458286
27.458286
27.458286
27.458286
27.458286
27.458286
27.458286
27.458286
27.458286