Model: RF
MSE: 28.13361485928073
MAE: 4.021225231929476
Predictions:
35.10053285087176
66.0270384174312
66.35937500000003
66.90625000000003
67.59375000000003
68.25000000000004
68.14062500000004
68.26562500000004
67.93750000000004
67.93750000000004
67.93750000000004
67.93750000000004
67.93750000000004
67.93750000000004
67.93750000000004
67.93750000000004
68.31250000000004
68.13964843750003
68.21156455592109
68.16101351139977
68.15430645380295
68.36310120194543
68.32362379826372
64.56731895466844
64.56731895466844
64.56731895466844
64.56731895466844
64.56731895466844
64.56731895466844
68.75000000000006
68.75000000000006
68.75000000000006
68.75000000000006
68.05670105678662
68.71548295454551
68.43750000000004
67.71875000000004
68.03125000000004
62.04687500000002
63.343750000000014
61.6875
64.20312500000001
59.2109375
60.88541666666667
60.453125000000014
60.01562500000003
61.90625000000002
62.765625000000014
67.93750000000004
55.784375
53.12510146103896
52.378125000000004
53.55251116071429
52.17332589285714
55.31832837301587
54.5453125
58.276041666666664
46.39796009906439
56.072916666666664
59.19618055555556
60.375000000000014
59.015625000000014
61.187500000000014
59.018465909090914
63.00520833333334
62.515625000000014
64.48437500000001
61.812500000000014
64.67187500000001
64.26562500000003
64.64062500000001
67.71875000000004
68.12857562695929
67.98992101648355
67.64000715269458
68.07246746309251
67.3139204545455
67.71875000000004
67.68750000000004
55.734375
59.515625
57.640625
63.26562500000001
54.56250000000001
58.890624999999986
56.54296875
53.396875
52.848204139610395
52.639583333333334
51.16550099206349
47.125
42.703125
40.417500000000004
45.6875
50.84906808035714
49.79265355603448
51.834375
51.284375
51.63125
52.45625
52.259375
51.046875
50.770833333333336
52.262499999999996
51.71875
51.3875
50.925
50.889583333333334
46.49171009906439
46.453125
46.82375
44.328125
44.449036144578315
51.120943080357144
51.10515355603448
51.70625
50.859375
54.32291666666667
52.196875
53.081250000000004
54.589583333333344
51.907291666666666
52.940625000000004
52.2125
42.546875
44.65625
45.32375
49.1265625
50.2375
53.09375000000001
52.671875
52.625
53.1
52.69010416666667
52.17600212287713
53.45933779761906
56.50745287698412
58.13080357142857
54.14036458333334
57.2922619047619
59.4709201388889
58.925781250000014
60.963541666666686
63.484375000000014
62.843750000000014
63.171875000000014
63.265625000000014
67.81250000000004
67.92187500000004
61.73437500000002
61.71484375000002
60.954427083333364
59.62109375
58.74479166666667
60.01562500000001
58.0703125
56.40833333333333
51.905468750000004
52.26416396103896
51.178125
52.69938616071429
54.20337301587302
54.85937500000001
54.27968750000001
55.7482638888889
54.91015625000001
54.62095560689311
57.580729166666664
55.08671875
55.73125
54.465625
57.79296875
54.25078125
58.283854166666664
58.674479166666664
59.359375
59.984375000000014
61.98437500000002
63.26562500000002
63.51562500000002
67.92187500000004
67.90625000000004
67.57812500000004
67.81250000000004
67.70312500000004
67.70312500000004
67.70312500000004
67.70312500000004
67.92187500000004
67.82812500000004
67.93750000000004
67.93750000000004
67.93750000000004
67.93750000000004
67.93750000000004
68.14062500000004
68.04687500000004
68.04687500000004
68.04687500000004
68.03125000000004
67.81250000000004
67.92187500000004
67.68750000000004
67.68750000000004
67.68750000000004
60.21875000000001
59.484375
58.31250000000001
58.015625
54.882291666666674
54.796354166666674
54.5125