Model: PROPHET
MSE: 487.462297158908
MAE: 16.37249030560583
Predictions:
59.08078361649797
58.983773999230934
58.992453707166014
58.64782169544149
58.41288293891131
57.93040085282492
57.0405275619297
56.33615034963172
55.40687584632672
54.53754524194306
53.28551409845458
52.13254539666002
50.74225072882491
48.9773320557313
47.454468792604615
45.78778047138256
44.28676905665333
42.5329871711268
41.03129515846996
39.46665747185058
37.72074729235182
36.42622112304194
35.209610644031216
34.388752545213904
33.54901837549881
33.194221812535815
33.00316658363643
32.846114555422446
33.33904387337706
34.08664980047557
35.3800113353753
36.77318485697263
38.734598174485406
40.90420096235457
43.110640709040126
45.926320710566024
48.9112767011883
52.31177677097722
55.63788541416613
59.3158431748519
62.946194958522355
66.32191277912985
69.98434623705552
73.46791479150569
76.99942523114615
80.07623578004316
83.11910125902006
85.73061815538352
87.71350439627167
89.62653972225213
91.02907715340524
92.18000936834824
92.61541590076243
92.80073405522464
92.38838475425177
91.23510411167308
89.95682594096374
88.17204789788923
86.19958968710515
83.63499568903518
81.00145259099136
78.00618149784808
74.55658349054664
71.31401124733196
67.9361254020018
64.77376797580625
61.446626487247315
58.493577380028285
55.628682651818906
52.75712903687065
50.52898844264462
48.581759925781384
47.23762261445202
46.07966575388344
45.602972743854735
45.471517193581846
45.535140764024206
46.38446863989929
47.59469731582382
49.42415635924045
51.39188109208383
53.9300430243924
56.642165938575
59.32136788920284
62.506456773919716
65.7267879565348
69.2017620008782
72.41917900500053
75.788279542206
78.89838729286222
81.5373851157998
84.24784817966562
86.57174315400974
88.7495765533268
90.29821812718508
91.66324282380447
92.47672369852023
92.57472813125888
92.5523643999476
92.0073132661744
91.23775492315946
89.81894539238975
88.25431434601606
86.2320447530656
83.64141365455697
81.12676634114686
78.33008152246828
75.58805795973285
72.50799351684253
69.61834186620047
66.62491663327292
63.42702763274109
60.67142271567511
57.994989999303215
55.722144206687844
53.44115763343277
51.655307164325336
50.039790333053354
48.45867577339039
47.519740281645895
46.8181245245804
46.63470752977213
46.5134366243344
46.91346072265292
47.466997330195284
47.99717741731009
49.07370110596111
50.2572192741349
51.79832699201993
53.215394224086594
54.947073658140845
56.61041129807458
58.01880258189458
59.73762885811374
61.328494359261
63.04795754927134
64.42499288570583
65.91303576317986
67.14755108404651
67.96338449637243
68.94974842109411
69.69378083177133
70.4785885508461
70.86002859025538
71.31809695157409
71.51388073815544
71.30634642540595
71.30682831029806
71.12216485036532
71.05240206929183
70.66732252316194
70.45767171771702
70.09203783718355
69.43365526161361
69.0949912985952
68.68105722473831
68.4873544342485
68.07670433865691
67.93082291219929
67.70758394740075
67.25822925694865
67.18237291788952
67.07172858007745
67.20845914607469
67.14238685754718
67.342915218606
67.45659872211348
67.32461205704799
67.53796099929713
67.68136085073115
68.03168033234272
68.13518928889786
68.45946360044503
68.65088674818617
68.55200454507637
68.75658121705054
68.85328960833877
69.1239410050328
69.12050094591896
69.31675259081538
69.36555517720248
69.11596182390443
69.16805205740204
69.11641826665578
69.24821708724882
69.12003653134127
69.20944372581171
69.1721628694795
68.85914851946164
68.87140922695544
68.80351922566443
68.94172661786736
68.84090538865551
68.97621184468213
69.00039021059467
68.76098718735668
68.85532494927381
68.87416469436702
69.09996374631189
69.08396841104286
69.29799853610206
69.39186447763977
69.21067298544679
69.34986901131037
69.39894396314317
69.63971271695013
69.62340180448605
69.82240580592915
69.88765453654065
69.66585013637292
69.7544242706757
69.7451496414434