Model: TRANSFORMER
MSE: 878.0171000623156
MAE: 21.201587019295527
Predictions:
48.1129
48.1129
48.1129
48.1129
48.1129
48.1129
48.1129
48.1129
48.1129
48.1129
48.1129
48.1129
48.1129
48.1129
48.1129
48.1129
48.1129
48.1129
48.1129
48.1129
48.1129
48.1129
48.1129
48.1129
48.1129
48.1129
48.1129
48.1129
48.1129
48.1129
48.1129
48.1129
48.1129
48.1129
50.920017
50.920017
50.920017
50.920017
50.920017
50.920017
50.920017
50.920017
50.920017
50.920017
50.920017
50.920017
50.920017
50.920017
50.920017
50.920017
50.920017
50.920017
50.920017
50.920017
48.1129
50.920017
50.920017
50.920017
47.1108
47.1108
47.784092
47.1108
47.1108
47.1108
47.1108
45.879135
45.879135
45.879135
46.07103
45.879135
46.07103
46.07103
46.07103
46.07103
46.07103
45.879135
45.879135
45.879135
45.879135
45.879135
45.879135
45.879135
45.879135
45.879135
45.879135
45.879135
45.879135
45.879135
45.879135
45.879135
45.879135
45.879135
45.879135
45.879135
45.879135
45.879135
45.879135
45.879135
45.879135
45.879135
45.879135
45.879135
45.879135
45.879135
45.879135
45.879135
45.879135
45.879135
45.879135
45.879135
45.879135
45.879135
45.879135
45.879135
45.879135
45.879135