Model: LSTM
MSE: 0.6171627093797216
MAE: 0.6037386073622593
Predictions:
31.805122
31.805122
31.805122
31.805122
31.805122
31.805122
31.805122
31.805122
31.805122
31.805122
31.805122
31.805122
31.805122
31.805122
31.805122
31.805122
31.805122
31.805122
31.805122
31.805122
31.805122
34.1646
34.90767
35.115376
35.115376
35.115376
35.115376
35.115376
35.115376
35.115376
35.115376
35.115376
35.115376
35.115376
35.115376
35.115376
35.115376
35.115376
35.115376
35.115376
35.115376
35.115376
35.115376
35.115376
35.115376
35.115376
35.115376
37.526894
38.260857
38.182053
38.182053
41.903267
42.755417
42.54403
42.54403
42.54403
42.54403
42.54403
42.54403
42.54403
42.54403
42.54403
42.54403
42.54403
42.54403
42.54403
42.54403
42.54403
42.54403
42.54403
42.54403
42.54403
42.54403
42.54403
42.54403
42.54403
42.54403
42.54403
42.54403
42.54403
42.54403
42.54403
42.54403
42.54403
42.54403
42.54403