Model: RF
MSE: 3.470976672561595
MAE: 1.372130139149722
Predictions:
19.44777027791264
29.49822686984062
30.472515708621547
30.568525521476996
30.568525521476996
30.568525521476996
30.568525521476996
30.568525521476996
30.568525521476996
30.568525521476996
30.568525521476996
30.568525521476996
30.568525521476996
30.568525521476996
30.568525521476996
30.568525521476996
30.568525521476996
30.568525521476996
30.568525521476996
30.568525521476996
30.568525521476996
30.568525521476996
30.568525521476996
30.568525521476996
30.568525521476996
30.568525521476996
30.568525521476996
33.77051314382601
33.63285090245775
33.378125
33.378125
33.378125
33.378125
33.378125
33.378125
33.378125
33.378125
33.378125
33.378125
33.378125
33.378125
33.378125
33.378125
33.378125
33.378125
33.378125
33.378125
33.378125
33.378125
33.378125
33.378125
33.378125
33.378125
38.78125
39.5859375
40.554687500000014
40.554687500000014
41.307291666666686
45.33280117753624
43.76165955178822
43.76165955178822
43.76165955178822
43.76165955178822
43.76165955178822
43.76165955178822
43.76165955178822
43.76165955178822
43.76165955178822
43.76165955178822
43.76165955178822
43.76165955178822
43.76165955178822
43.76165955178822
43.76165955178822
43.76165955178822
43.76165955178822
43.76165955178822
43.76165955178822
43.76165955178822
43.76165955178822
43.76165955178822
43.76165955178822
43.76165955178822
43.76165955178822
43.76165955178822
43.76165955178822
43.76165955178822
43.76165955178822
43.76165955178822
43.76165955178822
43.76165955178822
43.76165955178822