Model: PROPHET
MSE: 10556.7788927881
MAE: 98.88682839249822
Predictions:
146.13217372494125
147.1842974618774
148.5747724012143
147.7615781598199
150.8137421140603
151.53294996644743
150.9061313471772
151.94768213037804
153.5652224521643
155.37146225713306
154.8106066568762
157.94183546891583
158.56123295084504
157.6545810203739
158.23967104189566
159.23202981275878
160.25663157543062
158.77403170503072
160.86346309156428
160.34428099358973
158.2281822647289
157.56086915088113
157.2870705006854
157.06151104441608
154.37428431900676
155.3331907360383
153.78444702743735
150.76421284316
149.33962343345593
148.47325833598856
147.83365166886284
144.9203120073344
145.84582285139294
144.4564362773424
141.7836085789856
140.8851664541453
140.71002988485114
140.90909025373097
138.96070152931208
140.95334258092188
140.70684783240156