Model: PROPHET
MSE: 1500.3714637526218
MAE: 37.89297577472152
Predictions:
123.45817122764134
123.9293172171368
123.84389253784006
125.39808711850095
126.83874395869508
127.28652030288848
124.87651653381353
120.07408153895751
119.28682003456893
118.00328194420622
118.43994129569145
118.86186681321762
118.40546435050311
115.21876264595971
109.7769593467042
108.49425840241403
106.86248184196421
107.09806357395453
107.46282486565332
107.0869065466381
104.10932193605532
98.99383783991028
98.14120332310527
97.0281964492505
97.85508279409135
98.86687097004308
99.17672565264728
96.90698785638995
92.50549628298104
92.35821704970473
91.92864107607258
93.40553380826991
95.02441542785957
95.891127160784
94.12293088530953
90.16483567632956
90.40216073410762
90.29979833451844
92.04976788139541
93.89244741518353
94.93984791797362
93.31638852101287
89.47487797746868
89.80872400443572
89.79084632311876
91.6208963130897
93.5461807384567
94.68466490949295
93.1655220193695
89.44494099995953
89.91821962270319
90.0586217908492