Model: RF
<<<<<<< HEAD
MSE: 21.12245968284202
MAE: 2.639996825396823
Predictions:
19.450095238095237
30.880000000000003
30.855000000000004
30.855000000000004
=======
MSE: 21.00548839259259
MAE: 2.623488888888887
Predictions:
19.465333333333334
30.905000000000005
30.880000000000003
30.855000000000004
>>>>>>> 468eafcd640fa16da1a94df5071eb1aed20cf7ad
30.805000000000003
40.375
40.39999999999999
40.39999999999999
40.375
<<<<<<< HEAD
40.375
40.3
40.3
40.224999999999994
40.224999999999994
40.175
40.12499999999999
40.074999999999996
40.099999999999994
40.224999999999994
40.02499999999999
36.050000000000004
35.62500000000001
24.975
35.825
35.825
35.775000000000006
35.980000000000004
31.835
30.285000000000004
31.41
=======
40.39999999999999
40.349999999999994
40.349999999999994
40.3
40.3
40.25
40.224999999999994
40.175
40.199999999999996
40.37499999999999
40.199999999999996
36.25
36.075
25.01
36.325
36.325
36.25
36.305
31.645
30.265000000000004
31.310000000000002
>>>>>>> 468eafcd640fa16da1a94df5071eb1aed20cf7ad
