Model: SARIMA
MSE: 171.45897405535112
MAE: 11.496830337405033
Predictions:
68.88420137179544
68.94286636260124
68.96851126548262
68.9797217171466
68.98462227095612
68.98676450646634
68.98770096653995
68.98811033211405
68.98828928280075
68.98836750957481
68.98840170574523
68.98841665431094
68.98842318894958
68.9884260455114
68.98842729423316
68.98842784010128
68.9884280787229
68.98842818303432
68.98842822863315
68.98842824856631
68.98842825727992
68.988428261089
68.9884282627541
68.98842826348199
68.98842826380019
68.98842826393928
68.98842826400008
68.98842826402665
68.98842826403828
68.98842826404336
68.98842826404558
68.98842826404655
68.98842826404697
68.98842826404716
68.98842826404724
68.98842826404729
68.9884282640473
68.9884282640473
68.9884282640473
68.9884282640473
68.9884282640473
68.9884282640473
68.9884282640473
68.9884282640473
68.9884282640473
68.9884282640473
68.9884282640473
68.9884282640473
68.9884282640473
68.9884282640473
68.9884282640473
68.9884282640473
68.9884282640473
68.9884282640473
68.9884282640473
68.9884282640473
68.9884282640473
68.9884282640473
68.9884282640473
68.9884282640473
68.9884282640473
68.9884282640473
68.9884282640473
68.9884282640473
68.9884282640473
68.9884282640473
68.9884282640473
68.9884282640473
68.9884282640473
68.9884282640473
68.9884282640473
68.9884282640473
68.9884282640473
68.9884282640473
68.9884282640473
68.9884282640473
68.9884282640473
68.9884282640473
68.9884282640473
68.9884282640473
68.9884282640473
68.9884282640473
68.9884282640473
68.9884282640473
68.9884282640473
68.9884282640473
68.9884282640473
68.9884282640473
68.9884282640473
68.9884282640473
68.9884282640473
68.9884282640473