Model: RF
MSE: 8.022667604187857
MAE: 1.875111828929264
Predictions:
32.1867407950346
45.293353174603176
45.293353174603176
45.293353174603176
45.293353174603176
45.293353174603176
45.293353174603176
45.293353174603176
45.293353174603176
45.293353174603176
45.293353174603176
45.293353174603176
45.293353174603176
45.293353174603176
45.293353174603176
45.293353174603176
45.293353174603176
49.6382500165034
49.6382500165034
49.6382500165034
39.95445813091669
39.95445813091669
39.95445813091669
45.293353174603176
45.293353174603176
45.293353174603176
39.95445813091669
39.95445813091669
39.95445813091669
39.95445813091669
45.293353174603176
45.293353174603176
45.293353174603176
45.293353174603176
45.293353174603176
45.293353174603176
45.293353174603176
45.293353174603176
49.6382500165034
47.01447315419099
47.01447315419099
47.01447315419099
47.01447315419099
39.95445813091669
39.95445813091669
39.95445813091669
39.95445813091669
39.95445813091669
39.95445813091669
39.95445813091669
39.95445813091669
39.95445813091669
39.95445813091669
39.95445813091669
39.95445813091669
39.95445813091669
39.95445813091669
39.95445813091669
39.95445813091669
39.95445813091669
39.95445813091669