Model: LSTM
MSE: 565.7139903639952
MAE: 11.434381273057726
Predictions:
184.82912
184.82912
184.82912
184.82912
184.82912
184.82912
192.51494
193.15408
193.86847
193.86847
193.86847
209.79518
210.38478
212.652
212.652
212.652
212.652
212.652
123.69055
124.44267
123.196175
123.196175
123.196175
123.196175
123.196175
123.196175
123.196175
123.196175
123.196175
123.196175
123.196175
123.196175
173.4989
179.12372
184.82912
184.82912
184.82912
184.82912
153.56589
151.3172
150.31924
150.31924
150.31924
150.31924
150.31924
129.01059
147.82431
147.29965
150.31924
150.31924
150.31924
150.31924
150.31924
164.27495