Model: XGB
MSE: 8.37494266136539
MAE: 1.8726465819311924
Predictions:
31.250782
45.312332
45.312332
45.312332
45.312332
45.312332
45.312332
45.312332
45.312332
45.312332
45.312332
45.312332
45.312332
45.312332
45.312332
45.312332
45.312332
49.661716
49.661716
49.661716
40.02304
40.02304
40.02304
45.312332
45.312332
45.312332
40.02304
40.02304
40.02304
40.02304
45.312332
45.312332
45.312332
45.312332
45.312332
45.312332
45.312332
45.312332
49.661716
47.0624
47.0624
47.0624
47.0624
40.02304
40.02304
40.02304
40.02304
40.02304
40.02304
40.02304
40.02304
40.02304
40.02304
40.02304
40.02304
40.02304
40.02304
40.02304
40.02304
40.02304
40.02304