Model: PROPHET
MSE: 120.45556524968009
MAE: 9.35532670279092
Predictions:
47.582123495751155
47.82112771113604
48.04452961565245
47.74964675790725
47.731192273820575
47.40668122043534
47.195926029710606
46.82002398847139
46.52650477566999
46.13920370163964
45.16322613186514
44.404066144839355
43.29289725408868
42.265858571077
41.06274136273625
39.95174890424576
38.77890290853494
37.07247227919778
35.66149990744446
34.00046012192478
32.54788668610657
31.064394124260538
29.836783933612033
28.726827934006366
27.275123246239087
26.319112591555346
25.317319183458817
24.727650945241173
24.305209375663384
24.326304445194513
24.637274530078965
24.75850928978612
25.50276906890711
26.29984636860558
27.575416792380736
29.04950397048488
30.961245752061153
33.11854361474232
35.00297357541898
37.38903047785547
39.66972796150575
42.23637734241771
44.77794544336158
47.50665456268684
50.20838346236423
52.34822626731699
54.69026205024834
56.62354115598908
58.54209858927748
60.144385348986425
61.65877581050436
62.89370922296858
63.34282576817278
63.80415785588081
63.70539481416266
63.48304734992173
62.880922292198306
62.174588457161924
61.22041698559973
59.559583793450614
58.03612321637883
56.12107988731991
54.290613816407195
52.32349673273985
50.5247062838562
48.7737247095658
46.62794976220744
44.940323386683325
43.18323746118493
41.82657929556137
40.635357893781844
39.89361562374751
39.45322506858853
38.83796724109949
38.861980606237196
38.95462005773446
39.53956480881547
40.33358948775698
41.5716740745975
43.05702190750486
44.26635065531641
45.96951449941174
47.55546637799861
49.41237067397909
51.22725453624452
53.21185054780685
55.1531808437148
56.51923276609061
58.07877421282397
59.22731244978106
60.367006835690376
61.20592887892684