Model: SARIMA
MSE: 1704.1151155315317
MAE: 33.771751931632906
Predictions:
168.05669972910164
166.22584122574818
164.50091846959992
162.8758018867355
161.34471656799442
159.90222174763358
158.54319146937394
157.26279637113413
156.05648652372142
154.91997526249799
153.84922395456658
152.840427647346
151.89000154753768
150.9945682824362
150.15094589831605
149.35613655324678
148.6073158641558
147.90182287028333
147.23715057736456
146.61093704893685
146.0209570131152
145.46511395501003
144.94143266668732
144.44805222819778
143.98321939473183
143.54528236640238
143.13268491851565
142.74396087147161
142.37772888064316
142.0326875277192
141.70761069606857
141.4013432136915
141.11279674827495
140.84094593976545
140.58482475671585
140.34352306345843
140.11618338590586
139.90199786448648
139.700205383387
139.5100888659005
139.33097272626904
139.16222046896578
139.00323242688575
138.85344363040747
138.71232179975362
138.5793654535159
138.45410212662324
138.33608669142043
138.22489977589137
138.12014627340568
138.02145393869336
137.9284720650582
137.84087023812904
137.75833716172062
137.68057955163164
137.60732109344906
137.5383014606549