Model: SARIMA
MSE: 652.0457784443882
MAE: 19.891335643536365
Predictions:
88.37623909654734
86.86977471592795
85.47213364374215
84.17545474990897
82.97244477318947
81.85633729972822
80.82085470488481
79.86017284429435
78.96888829555976
78.14198796632407
77.37482089778136
76.6630721050334
76.00273830715481
75.39010541045926
74.82172761831936
74.29440805004228
73.80518075979045
73.35129405441147
72.9301950163473
72.53951514457069
72.1770570327853
71.84078200996007
71.52879867368131
71.23935225182733
70.97081473272979
70.72167570830807
70.49053387867322
70.27608917041864
70.07713542426616
69.89255361093872
69.72130553710183
69.56242800597245
69.4150273997513
69.27827465340684
69.15140059154113
69.03369160210876
68.92448562265605
68.82316841650436
68.72917011793292
68.64196202692912
68.56105363547833
68.48598986866719
68.41634852508288
68.35173790211176
68.29179459278052
68.23618144174829
68.18458564895273
68.13671701024425
68.09230628511241
68.05110368232384
68.0128774549539
67.97741259690994
67.94450963361444
67.91398350004634
67.88566249982973
67.85938733951573
67.83501023262522