Model: TRANSFORMER
MSE: 0.7210035592831621
MAE: 0.8170691707678008
Predictions:
19.46211
19.46211
19.46211
19.46211
19.46211
19.46211
19.46211
19.46211
19.46211
19.46211
19.46211
19.46211
19.46211
19.46211
19.46211
19.46211
19.46211
19.46211
19.46211
19.46211
19.46211
19.46211
19.46211
19.46211
19.46211
19.46211
19.46211
19.46211
19.46211
19.46211
19.46211
19.46211
19.46211
19.46211
19.46211
19.46211
19.46211
19.46211
19.46211
21.21693
21.21693
21.21693
21.21693
21.21693
21.21693
21.21693
21.21693
21.21693
21.21693
21.21693
21.21693
21.21693
21.21693
21.21693
21.21693
21.21693
21.21693