Model: SARIMA
MSE: 96.47388905392776
MAE: 8.72573567477478
Predictions:
29.745744498867232
29.622659489006658
29.505617265829066
29.394321162250975
29.288489075886126
29.187852754000172
29.092157113570114
29.001159594725014
28.914629545929145
28.83234763934925
28.754105314923954
28.679704251726314
28.60895586527948
28.541680829551375
28.47770862241674
28.416877093434483
28.35903205284473
28.30402688074382
28.251722155446657
28.201985300094346
28.154690246611466
28.109717116161143
28.066951915287987
28.026286246978742
27.987617035908215
27.95084626717411
27.915880737858533
27.8826318207864
27.851015239882052
27.82095085655454