Model: XGB
MSE: 18.988365717600953
MAE: 2.269357189055412
Predictions:
51.56254
68.65447
68.65447
68.74881
68.74881
57.817455
57.817455
56.21662
56.21662
56.21662
48.242508
56.21662
56.21662
61.327778
61.327778
61.327778
61.327778
56.21662
56.21662
68.65447
68.65447
56.21662
56.21662
56.21662
61.327778
61.327778
61.327778
52.430622
52.430622
52.430622
52.430622
52.430622
61.327778
61.327778
61.327778
61.327778
61.327778
62.499847
62.499847
68.65447
68.65447
68.65447
68.65447
68.65447
68.65447
68.65447
68.65447
68.65447
68.65447
68.65447
68.65447
68.65447
68.65447
68.65447
68.65447
68.65447
68.65447
68.65447
68.65447
68.65447
68.65447
68.65447