Model: SARIMA
MSE: 18377.44884427041
MAE: 133.55674267162254
Predictions:
182.0765607113621
192.7546505157684
195.080827650556
195.09202586233704
198.26503067384394
197.6579264715591
195.04356313731907
194.58848373668204
193.20610233787713
194.48118827084596
190.92490524973627
190.91785411541298
180.7375639990603
171.71740610356943
169.46320264322037
169.10378108957195
166.21990698544525
166.40858727041785
168.23821978881554
168.34673706063333
169.2220780277005
167.97162243067115
170.6340805017136
170.4490306723611
178.48299666790368
185.59421781222747
187.26046589105582
187.40962472099616
189.6051393837352
189.3320846370287
187.7443960809743
187.55304459109672
186.75082484144176
187.67017435816985
185.4401580293932
185.51280150108482