Model: SARIMA
MSE: 257.13177838128934
MAE: 14.47152829214991
Predictions:
68.75141959649774
68.75141959649774
68.75141959649774
68.75141959649774
68.75141959649774
68.75141959649774
68.75141959649774
68.75141959649774
68.75141959649774
68.75141959649774
68.75141959649774
68.75141959649774
68.75141959649774
68.75141959649774
68.75141959649774
68.75141959649774
68.75141959649774
68.75141959649774
68.75141959649774
68.75141959649774
68.75141959649774
68.75141959649774
68.75141959649774
68.75141959649774
68.75141959649774
68.75141959649774
68.75141959649774
68.75141959649774
68.75141959649774
68.75141959649774
68.75141959649774
68.75141959649774
68.75141959649774
68.75141959649774
68.75141959649774
68.75141959649774
68.75141959649774
68.75141959649774
68.75141959649774
68.75141959649774
68.75141959649774
68.75141959649774
68.75141959649774
68.75141959649774
68.75141959649774
68.75141959649774
68.75141959649774
68.75141959649774
68.75141959649774
68.75141959649774
68.75141959649774
68.75141959649774
68.75141959649774
68.75141959649774
68.75141959649774
68.75141959649774
68.75141959649774
68.75141959649774
68.75141959649774
68.75141959649774
68.75141959649774
68.75141959649774
68.75141959649774
68.75141959649774
68.75141959649774
68.75141959649774
68.75141959649774
68.75141959649774
68.75141959649774
68.75141959649774
68.75141959649774
68.75141959649774
68.75141959649774
68.75141959649774
68.75141959649774
68.75141959649774
68.75141959649774
68.75141959649774
68.75141959649774
68.75141959649774
68.75141959649774
68.75141959649774
68.75141959649774
68.75141959649774
68.75141959649774
68.75141959649774
68.75141959649774
68.75141959649774
68.75141959649774
68.75141959649774
68.75141959649774
68.75141959649774