Model: XGB
MSE: 14.497618972264494
MAE: 2.939222523423492
Predictions:
25.000704
36.62894
36.62894
36.62894
36.62894
36.62894
36.62894
36.62894
36.62894
36.62894
36.62894
36.62894
36.62894
36.62894
36.62894
36.62894
36.62894
36.62894
36.62894
36.62894
36.62894
36.62894
36.62894
36.62894
36.62894
36.62894
36.62894
36.62894
36.62894
36.62894
36.62894
36.62894
46.164505
46.164505
46.164505
46.164505
46.164505
46.164505
46.164505
46.164505
46.164505
46.164505
46.164505
48.957367
48.957367
48.957367
48.957367
48.957367
46.164505
48.957367
48.957367
48.957367
48.957367
48.957367
48.957367
48.957367
48.957367
48.957367
48.957367
48.957367
48.957367