Model: XGB
MSE: 3.2657514872331643
MAE: 1.063263151380751
Predictions:
31.252935
34.383316
36.723316
36.723316
36.723316
36.723316
36.723316
36.723316
36.723316
36.723316
36.723316
36.723316
40.71394
43.658363
39.071213
39.06797
39.06797
39.06797
39.06797
34.959858
34.395054
34.395054
34.395054
34.395054
34.395054
34.395054
34.395054
34.395054
34.395054
34.395054
34.395054
34.395054
34.395054
34.395054
34.395054
31.246916
36.604397
36.723316
36.723316
36.723316
35.908867
34.395054
34.395054
34.395054
34.395054
34.395054
34.395054
36.979088
35.908867
34.395054
34.395054
34.395054
34.395054
34.395054
34.395054
34.395054
34.395054
34.395054
34.395054
36.979088
36.723316
36.723316
36.723316
36.723316
36.723316
36.723316
36.723316
36.723316
35.908867
34.395054
34.395054
34.395054
34.395054
34.395054
34.395054
34.395054
26.520777
29.509857
29.509857
29.509857
29.120401
28.855463
28.855463
28.855463
28.855463
28.855463
28.855463
28.855463
28.855463
28.855463
28.855463
28.855463
28.855463
28.855463
28.855463
26.681517
28.023634
25.353561
25.353561
31.251064
31.221495
31.221495
31.221495
31.221495
31.221495
25.008196
25.353561
25.353561