Model: SARIMA
MSE: 15058.6055136258
MAE: 120.1297692019473
Predictions:
129.9963034398423
129.9943045207519
129.9932236029907
129.99263909548753
129.99232302239344
129.99215210550997
129.99205968201173
129.9920097039004
129.99198267818014
129.9919680639913
129.99196016135213
129.99195588799105
129.9919535771662
129.99195232758507
129.99195165187265
129.9919512864804
129.99195108889413
129.9919509820491
129.99195092427257
129.9919508930298
129.9919508761353
129.99195086699953
129.99195086205935
129.99195085938797
129.9919508579434
129.99195085716227
129.99195085673986
129.99195085651144
129.99195085638792
129.99195085632113
129.991950856285
129.99195085626548
129.9919508562549
129.99195085624922
129.99195085624612
129.99195085624444
129.99195085624353
129.99195085624305
129.9919508562428
129.99195085624265
129.99195085624257