Model: SARIMA
MSE: 300.44325226036733
MAE: 14.735497622573835
Predictions:
27.827957605391997
27.667685052153175
27.58120819973085
27.53454864478054
27.509372958950436
27.49578913549367
27.48845983130114
27.484505223077782
27.48237146988793
27.481220179439408
27.480598987774332
27.48026381684917
27.480082971619932
27.479985394549598
27.47993274574766
27.479904338496492
27.47988901104574
27.479880740947895
27.479876278723914
27.479873871080954
27.47987257201021
27.47987187108203
27.47987149288837
27.479871288829745
27.479871178727628
27.479871119320798
27.479871087267174
27.479871069972283
27.47987106064063
27.479871055605635
27.479871052888942
27.479871051423125
27.479871050632223
27.479871050205485
27.479871049975234
27.479871049851
27.479871049783966
27.4798710497478
27.479871049728285
27.479871049717755
27.479871049712074
27.479871049709008
27.479871049707352
27.47987104970646
27.47987104970598
27.479871049705718
27.47987104970558
27.479871049705505
27.479871049705462
27.47987104970544
27.47987104970543
27.479871049705423
27.47987104970542
27.479871049705416
27.479871049705416
27.479871049705416
27.479871049705416
27.479871049705416
27.479871049705416
27.479871049705416
27.479871049705416
27.479871049705416
27.479871049705416
27.479871049705416
27.479871049705416
27.479871049705416
27.479871049705416
27.479871049705416
27.479871049705416
27.479871049705416
27.479871049705416
27.479871049705416
27.479871049705416
27.479871049705416
27.479871049705416
27.479871049705416
27.479871049705416
27.479871049705416
27.479871049705416
27.479871049705416
27.479871049705416
27.479871049705416
27.479871049705416
27.479871049705416
27.479871049705416
27.479871049705416
27.479871049705416
27.479871049705416
27.479871049705416
27.479871049705416
27.479871049705416
27.479871049705416
27.479871049705416
27.479871049705416
27.479871049705416
27.479871049705416
27.479871049705416
27.479871049705416
27.479871049705416
27.479871049705416
27.479871049705416
27.479871049705416
27.479871049705416
27.479871049705416
27.479871049705416
27.479871049705416
27.479871049705416
27.479871049705416
27.479871049705416
27.479871049705416
27.479871049705416
27.479871049705416
27.479871049705416
27.479871049705416
27.479871049705416
27.479871049705416
27.479871049705416
27.479871049705416
27.479871049705416
27.479871049705416
27.479871049705416
27.479871049705416
27.479871049705416
27.479871049705416
27.479871049705416
27.479871049705416
27.479871049705416
27.479871049705416
27.479871049705416
27.479871049705416
27.479871049705416
27.479871049705416
27.479871049705416
27.479871049705416
27.479871049705416
27.479871049705416
27.479871049705416
27.479871049705416
27.479871049705416
27.479871049705416
27.479871049705416
27.479871049705416
27.479871049705416
27.479871049705416
27.479871049705416
27.479871049705416
27.479871049705416
27.479871049705416
27.479871049705416
27.479871049705416
27.479871049705416
27.479871049705416
27.479871049705416
27.479871049705416
27.479871049705416
27.479871049705416
27.479871049705416
27.479871049705416
27.479871049705416
27.479871049705416
27.479871049705416
27.479871049705416
27.479871049705416
27.479871049705416
27.479871049705416
27.479871049705416
27.479871049705416
27.479871049705416
27.479871049705416
27.479871049705416
27.479871049705416
27.479871049705416
27.479871049705416
27.479871049705416
27.479871049705416
27.479871049705416
27.479871049705416
27.479871049705416
27.479871049705416
27.479871049705416
27.479871049705416
27.479871049705416
27.479871049705416
27.479871049705416
27.479871049705416
27.479871049705416
27.479871049705416
27.479871049705416
27.479871049705416
27.479871049705416
27.479871049705416
27.479871049705416
27.479871049705416
27.479871049705416
27.479871049705416
27.479871049705416
27.479871049705416
27.479871049705416
27.479871049705416
27.479871049705416
27.479871049705416
27.479871049705416
27.479871049705416
27.479871049705416
27.479871049705416
27.479871049705416
27.479871049705416
27.479871049705416
27.479871049705416
27.479871049705416
27.479871049705416
27.479871049705416