Model: TRANSFORMER
MSE: 391.62218641849176
MAE: 14.861652374267578
Predictions:
214.88565
214.88565
214.88565
214.88565
214.88565
214.88565
214.88565
214.88565
214.88565
214.88565
214.88565
214.88565
122.61824
122.61824
122.61824
122.61824
122.61824
122.61824
122.61824
122.61824
122.61824
99.517975
99.517975
99.517975
99.517975
95.46973
95.46973
95.46973
95.46973
96.62528
96.62528
96.62528
96.62529
96.62529
96.62528
96.62529
99.517975
99.517975
99.517975
99.517975
99.517975
99.517975
99.517975
99.517975
99.517975
99.517975
99.517975
99.517975