Model: SARIMA
MSE: 213.84820503015948
MAE: 12.838632366056347
Predictions:
24.258861335464207
25.526275368617107
26.20011419788781
26.55837026572017
26.748842237003892
26.850109389474518
26.90394952196432
26.93257439978302
26.947793226190825
26.95588453329431
26.96018639264198
26.962473537797937
26.96368953128858
26.96433603164971
26.96467975282927
26.96486249711896
26.964959655738795
26.965011311511045
26.965038775042448
26.965053376422393
26.965061139455237
26.965065266782872
26.965067461135746
26.965068627794885
26.965069248065934
26.965069577841923
26.965069753172052
26.96506984638883
26.965069895948865
26.965069922298166
26.96506993630715
26.965069943755225
26.965069947715104
26.96506994982043
26.965069950939757
26.96506995153486
26.96506995185126
26.965069952019473
26.96506995210891
26.96506995215646
26.96506995218174
26.96506995219518
26.965069952202324
26.965069952206125
26.965069952208143
26.96506995220922
26.965069952209788
26.965069952210094
26.965069952210253
26.96506995221034
26.965069952210385
26.96506995221041
26.965069952210424
26.96506995221043
26.965069952210435
26.965069952210435
26.965069952210435
26.96506995221044
26.96506995221044
26.96506995221044
26.96506995221044
26.96506995221044
26.96506995221044
26.96506995221044
26.96506995221044
26.96506995221044
26.96506995221044
26.96506995221044
26.96506995221044
26.96506995221044
26.96506995221044
26.96506995221044
26.96506995221044
26.96506995221044
26.96506995221044
26.96506995221044
26.96506995221044
26.96506995221044
26.96506995221044
26.96506995221044
26.96506995221044
26.96506995221044
26.96506995221044
26.96506995221044
26.96506995221044
26.96506995221044
26.96506995221044
26.96506995221044
26.96506995221044
26.96506995221044
26.96506995221044
26.96506995221044
26.96506995221044
26.96506995221044
26.96506995221044
26.96506995221044
26.96506995221044
26.96506995221044
26.96506995221044
26.96506995221044
26.96506995221044
26.96506995221044
26.96506995221044
26.96506995221044
26.96506995221044
26.96506995221044
26.96506995221044
26.96506995221044
26.96506995221044
26.96506995221044
26.96506995221044
26.96506995221044
26.96506995221044
26.96506995221044
26.96506995221044
26.96506995221044
26.96506995221044
26.96506995221044
26.96506995221044
26.96506995221044
26.96506995221044
26.96506995221044
26.96506995221044
26.96506995221044
26.96506995221044
26.96506995221044
26.96506995221044
26.96506995221044
26.96506995221044
26.96506995221044
26.96506995221044
26.96506995221044
26.96506995221044
26.96506995221044
26.96506995221044
26.96506995221044
26.96506995221044
26.96506995221044
26.96506995221044
26.96506995221044
26.96506995221044
26.96506995221044
26.96506995221044
26.96506995221044
26.96506995221044
26.96506995221044
26.96506995221044
26.96506995221044
26.96506995221044
26.96506995221044
26.96506995221044
26.96506995221044
26.96506995221044
26.96506995221044
26.96506995221044
26.96506995221044
26.96506995221044
26.96506995221044
26.96506995221044
26.96506995221044
26.96506995221044
26.96506995221044
26.96506995221044
26.96506995221044
26.96506995221044
26.96506995221044
26.96506995221044
26.96506995221044
26.96506995221044
26.96506995221044
26.96506995221044
26.96506995221044
26.96506995221044
26.96506995221044
26.96506995221044
26.96506995221044
26.96506995221044
26.96506995221044
26.96506995221044
26.96506995221044
26.96506995221044
26.96506995221044
26.96506995221044
26.96506995221044
26.96506995221044
26.96506995221044
26.96506995221044
26.96506995221044
26.96506995221044
26.96506995221044
26.96506995221044
26.96506995221044
26.96506995221044
26.96506995221044
26.96506995221044
26.96506995221044
26.96506995221044
26.96506995221044
26.96506995221044
26.96506995221044
26.96506995221044
26.96506995221044
26.96506995221044
26.96506995221044
26.96506995221044
26.96506995221044
26.96506995221044
26.96506995221044
26.96506995221044
26.96506995221044
26.96506995221044
26.96506995221044