Model: PROPHET
MSE: 852.7102925367187
MAE: 23.884979788792556
Predictions:
68.38750456399974
69.73534212199718
71.2251069951016
72.80633606894284
74.85065535101072
76.76294703088772
78.71079998986005
80.72897313487874
83.06825931751361
85.39400309778887
87.62078089752313
90.08739397358815
92.16906057592209
94.00786657891622
95.61817432772901
97.23634796334416
98.52001999470373
99.38338104951382
100.17261935165376
100.27837594017096
99.866258832439
98.98210468275181
97.90134041876682
96.32766962740845
94.22757163022378
92.00475186627806
89.11142761460918
85.7775159320323
82.11444122830744
78.46294840561693
74.59018358016132
70.52257047008855
66.71866309591032
62.67890163883487
58.673380780794616
54.84438885136284
51.553141901672866
48.57600907882732
45.936786853305136
44.079226381971424
42.47675784842482
41.36053081278156
40.82253085546648
41.163190581141876
42.088777243093496
43.54509253771133
45.89165935099426
48.51330290587603
51.55020286430782
55.0031290970947
59.083227675321126
63.41158517551564
67.85505140857339
72.70244009200577
77.27796130286664
81.67291176408295
85.85228968927132
90.00566057661757
93.74746888153612
96.9532505288137
99.9358494616031
102.05848516092522
103.46570005216184
104.18886624813621
104.4956004338199
104.08831349443312
102.9383900900989
101.46014925904062
99.12148736328032
96.17229183246926
92.74736835824606
89.21329559624205
85.36449958855736
81.25510735481318
77.3707919027456
73.2375664152
69.14866623979601
65.26630383560358
61.9677443573612
59.041017848375326
56.51684064782291
54.84096035954798
53.48387300281587
52.669030728836404
52.47629433211419
53.19003734274989
54.49716779113578
56.32158262094832
58.999205169857746
61.890485744687794
65.11141218822229
68.63971215105518