Model: XGB
MSE: 88.15510584159907
MAE: 4.663508782019982
Predictions:
70.000015
109.49795
109.49795
109.49795
109.49795
109.49795
109.49795
109.49795
109.49795
109.49795
109.49795
109.49795
109.49795
109.49795
109.49795
109.49795
66.66698
66.66698
66.66698
66.66698
66.66698
66.66698
66.66698
66.66698
66.66698
56.00415
56.00415
56.00415
56.00415
46.65629
46.65629
46.65629
46.65629
46.65629
46.65629
46.65629
46.65629
46.65629
46.65629
46.65629
56.00415
56.00415
56.00415
56.00415
56.00415
56.00415
56.00415
56.00415
56.00415
56.00415
56.00415
56.00415