Model: XGB
MSE: 1.59337705526668
MAE: 0.2808757375498287
Predictions:
10.6359625
20.267729
20.267729
20.267729
20.267729
20.267729
20.267729
20.267729
20.267729
20.267729
20.267729
20.267729
20.267729
20.267729
20.267729
20.267729
20.267729
20.267729
20.267729
20.267729
20.267729
20.267729
20.267729
20.267729
20.267729
20.267729
20.267729
20.267729
20.267729
20.267729
20.267729
20.267729
20.267729
20.267729
20.267729
20.267729
20.267729
20.267729
20.267729
20.267729
20.267729
20.267729
20.267729
22.098
22.098
22.098
22.098
22.098
22.098
22.098
22.098
22.098
22.098
22.098
22.098
22.098
22.098
22.098
22.098
22.098
22.098