Model: LSTM
MSE: 0.13430949548260937
MAE: 0.28416565486363005
Predictions:
20.02756
20.02756
20.02756
20.02756
20.02756
20.02756
20.02756
20.02756
20.02756
20.02756
20.02756
20.02756
20.02756
20.02756
20.02756
20.02756
20.02756
20.02756
20.02756
20.02756
20.02756
20.02756
20.02756
20.02756
20.02756
20.02756
20.02756
20.02756
20.02756
20.02756
20.02756
20.02756
20.02756
20.02756
20.02756
20.02756
20.02756
20.02756
21.113619
21.46885
21.721695
21.912737
22.029604
22.029604
22.029604
22.029604
22.029604
22.029604
22.029604
22.029604
22.029604
22.029604
22.029604
22.029604
22.029604
22.029604