Model: RF
MSE: 71.63766342011874
MAE: 6.7764845146282005
Predictions:
16.452780657635373
34.37609548920608
32.949179410580015
34.23788157894736
35.355
35.331875000000004
35.7225
36.645
36.81250000000001
36.421875
36.90625
37.20312500000001
37.43750000000001
37.45312500000001
37.50000000000001
37.39062500000001
38.765625000000014
39.06250000000002
39.59375000000002
39.796875000000014
39.890625000000014
40.078125000000014
39.703125000000014
38.1875
37.859375
37.84375000000001
37.234375
37.171875
36.5625
33.37499999999999
36.1875
35.765625
35.796875
36.09375
35.828125
36.109375
36.85937500000001
35.578125
35.140625
33.92187499999999
29.203125
31.437499999999993
30.390624999999993
26.50625
28.921874999999996
29.937499999999993
29.421874999999993
30.343749999999993
30.234374999999993
30.312499999999996
31.42651041666666
32.39062499999999
35.03125
32.12499999999999
32.671874999999986
32.20312499999999
35.109375
32.599884766795476
35.796875
34.328125
33.859375
37.062500000000014
37.62500000000001
35.109375
40.750000000000014
38.875000000000014
37.0625
37.34375
37.31250000000001
37.375
38.17187500000001
36.53125
36.359375
36.796875
36.125
36.8125
36.140625
35.390625
32.76562499999999
30.656249999999993
32.42187499999999
31.874999999999993
28.984374999999996
29.921874999999996
32.23437499999999
30.734374999999993
31.499999999999993
30.968749999999993
31.56249999999999
32.17187499999999
27.834375
30.2375
29.343750000000004
27.740625
30.241874999999993
29.53125
28.72625
30.9609375
31.593749999999996
31.060624999999998
32.304236526946106
34.671111526946106
35.06898100208423
36.22611152694611
36.132366329479765
36.9991425879397
36.24088391741947
34.56900891741947
28.031250000000004
25.13125
25.496875
26.659374999999997
26.396874999999998
34.765
31.288125
32.66375
34.15625000000001
29.221875
29.773125
32.12437499999999
33.3825
30.679375
30.078125
29.625
27.175
28.346875
27.650000000000002
28.078125
28.41875
28.575
27.799999999999997
29.5225
29.694791666666664
29.914375
30.95
30.91875
32.18770833333334
30.89291666666667
28.531249999999996
37.859375000000014
37.14062500000001
32.17937500000001
36.86673652694611
36.21875000000001
34.57291666666667
36.51041666666667
35.76562500000001
35.578125
39.20312500000001
38.984375000000014
39.234375000000014
39.968750000000014
39.312500000000014
39.765625000000014
39.343750000000014
37.96875000000001
37.73437500000001
35.5
33.640625
33.54687499999999
34.859375
34.625
33.67187499999999
34.35937499999999
37.296875000000014
38.109375000000014
31.890624999999993
37.890625000000014
32.73437499999999
36.43750000000001
36.140625
33.34374999999999
33.31249999999999
34.35937499999999
33.67187499999999
34.109375
34.296875
33.40624999999999
34.78125
34.35937499999999
36.390625
36.4375
35.265625
35.21875
33.32812499999999
33.09374999999999
33.40624999999999
33.437499999999986
33.49999999999999
35.265625
33.56249999999999
34.828125
33.35937499999999
33.062499999999986
33.062499999999986
33.062499999999986
33.062499999999986
33.062499999999986
33.062499999999986
33.062499999999986
33.062499999999986
33.062499999999986
33.062499999999986
33.062499999999986
33.062499999999986
33.062499999999986
33.062499999999986
33.062499999999986
33.062499999999986
33.062499999999986
33.062499999999986
33.062499999999986