Model: TRANSFORMER
MSE: 0.477808732306254
MAE: 0.26595739884810016
Predictions:
30.900696
30.900696
30.900696
30.900696
30.900696
30.900696
30.900696
30.900696
30.900696
30.900696
30.900696
30.900696
30.900696
30.900696
30.900696
30.900696
30.900696
30.900696
30.900696
30.900696
30.900696
30.900696
30.900696
34.44
34.44
34.44
34.44
34.44
34.44
34.44
34.439995
34.439995
34.44
34.44
34.44
34.44
34.44
34.44
34.44
34.44
34.44
34.44
34.44
34.44
34.44
34.44
34.44
34.44
34.44
38.109467
38.109467
38.109467
38.109467
42.234753
42.234753
42.234753
42.234753
42.234753
42.234753
42.234753
42.234753
42.234753
42.234756
42.234756
42.234756
42.234753
42.234753
42.234753
42.234753
42.234753
42.234753
42.234753
42.234753
42.234753
42.234753
42.234753
42.234753
42.234756
42.234753
42.234753
42.234753
42.234753
42.234753
42.234753
42.234753
42.234753
42.234753
42.234756