Model: XGB
MSE: 7.09934510952878
MAE: 1.7160341231549372
Predictions:
31.250587
40.62517
40.62517
40.62517
40.62517
40.62517
40.62517
40.62517
40.62517
40.62517
40.62517
40.62517
40.62517
40.62517
40.62517
40.62517
40.62517
40.62517
40.62517
40.62517
40.62517
40.62517
40.62517
40.62517
40.62517
40.62517
47.18737
47.18737
47.18737
47.18737
47.18737
47.18737
47.18737
47.18737
47.18737
47.18737
47.18737
47.18737
47.18737
47.18737
47.18737
47.18737
47.18737
47.18737
47.18737
47.18737
47.18737
47.18737
47.18737
47.18737
47.18737
47.18737
47.18737
47.18737
47.18737
47.18737
47.18737
47.18737
47.18737
47.18737
47.18737