Model: TRANSFORMER
MSE: 281.8544364139709
MAE: 11.856040716171265
Predictions:
127.26901
127.36939
127.36939
127.36939
127.36939
127.36939
127.481766
127.481766
127.709854
127.598625
127.481766
127.481766
127.36987
127.36987
127.36987
109.95522
109.95522
84.933655
84.933655
109.95522
109.95522
109.95522
109.95522
91.541756
109.95522
91.541756
109.95522
91.541756
91.541756
84.933655
127.173065
124.91572
82.28991
91.541756
91.541756
91.541756
53.89007
53.89007
91.541756
79.83813
79.83813
82.28991
82.28991
82.28991
79.83813
84.933655
82.28991
82.28991
82.28991
82.28991
82.28991
53.89007
23.278996
60.977184
60.977184
64.929115
64.929115
41.34551
41.34551
41.34551
74.685486
41.34551
42.56889
42.56889
41.34551
44.428795
41.34551
41.34551
42.56889
42.56889
42.56889
47.503563
47.503563
47.503563
47.503563
47.503563
47.503563
47.503563
47.503563
47.503563
47.503563
74.685486
60.977184
60.977184
60.977184
60.977184
53.89007
60.977184
60.977184
60.977184
60.977184
60.977184
74.685486
68.53496
74.685486
60.977184
60.977184
74.685486
74.685486
74.685486
74.685486
60.977184
74.685486
74.685486
79.83813
79.83813
84.933655
109.95522
109.95522
109.95522
60.977184
60.977184
60.977184
68.53496
68.53496
74.685486
68.53496
60.977184
60.977184
60.977184
60.977184
60.977184
60.977184
60.977184
60.977184
60.977184
60.977184
60.977184
60.977184
60.977184
60.977184
60.977184
60.977184
60.977184
60.977184
60.977184
60.977184
60.977184
60.977184
60.977184
60.977184
60.977184
60.977184
60.977184
60.977184
60.977184
60.977184
60.977184
60.977184
60.977184
124.91572
91.541756
84.933655
127.36987
124.91572
124.91572
124.91572
124.91572
91.541756
91.541756
84.933655
84.933655
84.933655
109.95522
109.95522
124.91572
124.91572
127.36987
127.36987
124.91572
109.95522
109.95522
109.95522
109.95522
124.91572
124.91572
84.933655
109.95522
84.933655
109.95522
124.91572
109.95522
84.933655
109.95522
109.95522
109.95522
127.36987
127.36987
127.36987
109.95522
109.95522
127.36987
127.36987
127.36987
127.36987
127.36987
127.709854
127.709854
127.709854
127.709854
127.709854
127.709854
127.709854
127.709854
127.709854
127.709854
127.709854
127.709854