Model: RF
MSE: 114.98643031176127
MAE: 9.631187943262413
Predictions:
62.45374999999999
61.38791666666666
63.181666666666665
62.85666666666667
61.8375
62.49583333333333
62.15833333333333
62.083333333333336
61.045833333333334
61.170833333333334
61.22083333333333
61.20833333333333
60.90833333333333
62.90833333333333
65.23333333333332
65.78333333333332
59.625
61.41666666666667
61.391666666666666
60.75
58.45
58.625
58.675
58.9
59.0
58.9
56.65
54.95
55.825
55.825
54.9
54.300000000000004
54.975
55.1
53.5
52.925
52.625
52.175000000000004
50.449999999999996
50.224999999999994
51.275
52.075
56.775
57.5
57.825
59.375
60.3