Model: LSTM
MSE: 6.728964603901442
MAE: 1.3772972651890345
Predictions:
31.806662
31.806662
31.806662
31.806662
31.806662
31.806662
31.806662
31.806662
31.806662
31.806662
31.806662
31.806662
31.806662
31.806662
31.806662
31.806662
31.806662
31.806662
31.806662
31.806662
31.806662
31.806662
31.806662
31.806662
31.806662
31.806662
36.698742
37.4257
44.89087
45.58355
46.10719
46.564648
46.56465
46.56465
46.56465
49.32841
48.995426
46.360546
46.95319
49.659115
48.995426
52.096893
51.899372
52.152153
52.42346
52.42346
40.286205
42.681145
42.1937
52.02366
53.777557
54.75416
55.420654
55.420654
55.420654
55.420654
55.420654
55.420654
55.420654
55.420654
55.420654
55.420654
55.420654
55.420654
55.420654
55.420654
55.420654
55.420654
55.420654
55.420654
55.420654
55.420654
55.420654
55.420654
55.420654
55.420654
55.420654
55.420654
55.420654
55.420654
55.420654
55.420654
55.420654
55.420654