Model: LSTM
MSE: 30.013375540482194
MAE: 3.8278942384581636
Predictions:
36.278687
36.278687
36.278687
36.278687
36.278687
36.278687
36.278687
36.278687
36.278687
36.278687
36.278687
41.955086
39.951305
40.473938
40.79947
41.1715
41.1715
41.1715
41.1715
41.1715
41.1715
41.1715
41.1715
41.1715
34.55242
48.734993
41.05532
42.83849
43.041504
40.140766
42.55837
41.66546
41.38679
41.1715
41.1715
28.010193
42.244473
36.071392
22.559608
36.422825
33.24099
33.537666
32.956444
33.766182
31.183247
31.72784
31.464565
36.33406
35.310974
35.719498
36.01465
44.73571
27.880308
43.667755
44.07473
41.95883
42.4363
43.230385
33.12384
55.16526
34.457127
46.03018
42.593174
47.19507
41.289448
48.2119
41.259052
48.652634
48.405117
46.87658
40.804348
47.29308
44.759754
31.16994
37.378994
40.304916
36.391296
36.066277
36.13062
44.73571
30.619867
29.284435
35.22427
32.857254
28.687037
26.510843
28.828236
28.273214
25.731472
31.803768
32.20293
32.776756
33.180183
33.766182
33.766182
33.766182
33.766182
33.766182
33.766182
33.766182
33.766182
33.766182
33.766182
26.06575
27.386879
26.904568
26.29686
24.66697
30.991484
31.447897
32.394966
33.180183
28.619581
29.607307
29.128422
31.258623
28.276415
28.515312
28.449076
26.171652
26.971596
26.741503
27.63687
27.328783
27.791954
28.003464
30.335968
30.395878
30.692842
30.905338
31.127703
33.456158
33.245007
28.825834
41.66671
43.064743
30.510761
39.062386
36.980625
37.17079
36.13062
36.278687
36.278687
47.360428
40.903202
42.94557
43.3057
43.911785
43.674793
47.171078
37.869453
43.52532
34.416115
39.21337
37.035362
39.844414
43.655106
39.17348
41.092636
41.197266
41.38679
28.010193
53.105625
22.303844
49.101223
38.93617
41.195854
40.558704
41.1715
47.77647
43.922215
38.571354
51.039516
43.60788
45.72252
45.73012
46.236927
42.50432
41.595654
43.363407
41.91958
41.38679
41.1715
41.1715
41.1715
41.1715
41.1715
41.1715
41.1715
41.1715
47.77647
43.922215
45.189457
45.73012
46.236927
46.236927
46.236927
46.236927
46.236927
46.236927
38.786392
44.52417
42.19497
41.70359
41.1715
41.1715
41.1715