Model: RF
MSE: 4766.5423889386675
MAE: 63.31256678281071
Predictions:
47.184761904761935
142.74999999999997
146.64999999999995
145.64999999999995
145.39999999999998
144.89999999999998
144.84999999999997
144.74999999999997
144.74999999999997
144.74999999999997
144.74999999999997
144.84999999999997
144.99999999999994
144.79999999999995
144.64999999999998
144.49999999999997
144.49999999999997
143.89999999999998
143.99999999999997
144.59999999999997
144.64999999999995
144.59999999999997
144.59999999999997
144.59999999999997
143.79999999999998
142.89999999999998
140.45
132.89999999999998
129.8
121.04999999999998
121.14999999999998
121.14999999999998
121.14999999999998
121.14999999999998
121.14999999999998
121.14999999999998
121.14999999999998
121.14999999999998
121.14999999999998
121.14999999999998
121.14999999999998