Model: RF
MSE: 12.15546318371818
MAE: 2.754989045458175
Predictions:
27.52212231892609
36.91543988997114
36.91543988997114
36.91543988997114
36.91543988997114
36.91543988997114
36.91543988997114
36.91543988997114
36.91543988997114
36.91543988997114
36.91543988997114
36.91543988997114
36.91543988997114
36.91543988997114
36.91543988997114
36.91543988997114
36.91543988997114
36.91543988997114
36.91543988997114
36.91543988997114
36.91543988997114
36.91543988997114
36.91543988997114
36.91543988997114
36.91543988997114
36.91543988997114
36.91543988997114
36.91543988997114
36.91543988997114
36.91543988997114
36.91543988997114
36.91543988997114
46.025798752932815
46.025798752932815
46.025798752932815
46.025798752932815
46.025798752932815
46.025798752932815
46.025798752932815
46.025798752932815
46.025798752932815
46.025798752932815
46.025798752932815
49.057354952255075
49.057354952255075
49.057354952255075
49.057354952255075
49.057354952255075
46.025798752932815
49.057354952255075
49.057354952255075
49.057354952255075
49.057354952255075
49.057354952255075
49.057354952255075
49.057354952255075
49.057354952255075
49.057354952255075
49.057354952255075
49.057354952255075
49.057354952255075