Model: RF
MSE: 90.5048283015639
MAE: 4.917364411261189
Predictions:
69.81883384169824
109.27798782916429
109.27798782916429
109.27798782916429
109.27798782916429
109.27798782916429
109.27798782916429
109.27798782916429
109.27798782916429
109.27798782916429
109.27798782916429
109.27798782916429
109.27798782916429
109.27798782916429
109.27798782916429
109.27798782916429
66.88031634544792
66.88031634544792
66.88031634544792
66.88031634544792
66.88031634544792
66.88031634544792
66.88031634544792
66.88031634544792
66.88031634544792
56.52997403875459
56.52997403875459
56.52997403875459
56.52997403875459
46.637021475256795
46.637021475256795
46.637021475256795
46.637021475256795
46.637021475256795
46.637021475256795
46.637021475256795
46.637021475256795
46.637021475256795
46.637021475256795
46.637021475256795
56.52997403875459
56.52997403875459
56.52997403875459
56.52997403875459
56.52997403875459
56.52997403875459
56.52997403875459
56.52997403875459
56.52997403875459
56.52997403875459
56.52997403875459
56.52997403875459