Model: TRANSFORMER
MSE: 18.599223855650052
MAE: 3.436685681918969
Predictions:
58.54374
58.54374
58.54374
58.54374
58.54374
59.541542
59.541542
59.541542
59.541542
59.541542
59.541542
59.541542
59.541542
59.541542
59.541542
59.541542
59.541542
59.541542
59.541542
59.541542
59.541542
59.541542
59.541542
59.541542
59.541542
59.541542
59.541542
59.541542
48.027298
45.194466
45.194466
45.194466
45.194466
45.194466
45.194466
45.194466
45.194466
45.194466
45.194466
45.194466
45.194466
45.194466
45.194466
45.194466
45.194466
45.194466
45.194466
45.194466
45.194466
45.194466
58.54374
48.027298
34.90373
37.07643
45.194466
45.194466
45.194466
45.194466
42.410416
43.822994
42.410416
42.410416
42.410416
42.410416
45.194466
42.410416
42.410416
42.410416
42.410416
42.410416
48.027298
48.027298
42.410416
48.027298
42.410416
42.410416
42.410416
42.410416
37.07643
42.410416
39.707603
39.707603
37.07643
37.07643
37.07643
34.90373
37.07643
37.07643
37.07643
34.90373
34.90373
39.707603
37.07643
42.410416
45.194466
45.194466
42.410416
42.410416
42.410416
42.410416
42.410416
56.771782
52.457726
48.027298
48.027298
42.410416
42.410416
42.410416
48.027298
45.194466
45.194466
45.194466
48.027298
48.027298
45.194466
45.194466
42.410416
42.410416
42.410416
42.410416
41.031193
39.707603
42.410416
45.194466
39.707603
39.707603
46.5756
52.457726
48.027298
45.194466
48.027298
52.457726
52.457726
56.771782
52.457726
58.54374
56.771782
58.54374
59.197495
59.197495
58.54374
58.54374
58.54374
59.541542
59.197495
59.197495
59.197495
59.197495
59.197495
59.541542
59.197495
59.197495
56.771782
56.771782
56.771782
59.197495
59.197495
58.54374
58.54374
58.54374
58.54374
58.926487
58.54374
58.926487
59.729183
56.771782
56.771782
56.771782
59.541542
59.541542
59.541542
59.197495
59.197495
59.197495
59.197495
59.197495
59.197495
59.197495
59.541542
59.541542
59.541542
59.541542
59.541542
59.541542
59.541542
59.541542
59.541542
59.541542
59.541542
59.541542
59.197495
59.197495
59.197495
59.197495
59.197495
59.197495
59.197495
59.197495
59.197495
59.197495
58.926487
58.926487
58.926487
58.926487
58.926487
58.926487
58.926487