Model: PROPHET
MSE: 260.7505873912551
MAE: 13.143117222014029
Predictions:
46.26586960794815
46.04731999446582
45.78743265661766
45.12416277641564
44.46842517965473
43.43840151147026
42.91724613489351
41.558778463691766
40.113907313907504
38.568587049464604
36.59101393815506
34.62607094205638
32.328824885055795
30.621284252450238
28.19702962449159
25.846491102411118
23.59370497132932
21.14229325623508
18.968711372888567
16.754605422798104
15.442524466583961
13.739635165300346
12.44224570683867
11.57199991425059
10.8215089596127
10.647483916281566
10.703222298898709
11.894698581327741
12.884903480562969
14.419228963352268
16.462742673478548
18.647095104005373
21.365092301686165
24.204751213981506
28.007046972035518
31.37195263526636
34.9855217443598
38.75880973403365
42.27633021331296
45.89203329373468
49.164580535767996
52.91608762250816
55.7389026430163
58.32314427349751
60.59577730273612
62.1689110260167
63.43530576793636
64.00286894954843
64.75232737148902
64.3426675738432
63.53710040894261
62.340366209459994
60.44511110361163
58.32536967341002
55.66898887406706
53.43323549522911
50.34823520137171
47.241054456895384
44.17129431475911
40.87597513382153
37.86179043913016