Model: TRANSFORMER
MSE: 0.7045477394065885
MAE: 0.7835312400545392
Predictions:
11.025953
11.025953
11.452823
11.452823
11.452823
11.452823
11.881927
11.881927
11.881927
11.881927
12.312962
12.312962
12.312962
12.312962
12.312962
12.312962
12.758402
12.758401
12.758401
12.758401
12.758401
12.758401
12.758401
13.224788
13.224788
13.224788
13.224788
13.224788
13.224788
13.224788
13.224788
13.224788
13.224788
13.224788
13.224788
13.224788
13.700151
13.700151
13.700151
13.700151
13.700151
13.700151
13.700151
13.700151
13.700151
13.700151
13.700151
13.700151
13.700151
13.700151
13.700151
13.700151
13.700151
13.700151
13.700151
13.700151