Model: SARIMA
MSE: 48.96631660901487
MAE: 5.0592413003748575
Predictions:
49.826439633059294
49.74101971610075
49.69897922988943
49.67828847597846
49.66810526127319
49.663093464111036
49.66062684511875
49.65941286756613
49.658815393248915
49.65852133875099
49.65837661613236
49.658305389075835
49.65827033378436
49.65825308088186
49.65824458964896
49.65824041058191
49.65823835380152
49.65823734153119
49.65823684332962
49.65823659813345
49.65823647745707
49.658236418064675
49.65823638883396
49.6582363744477
49.658236367367316
49.65823636388262
49.658236362167585
49.6582363613235
49.65823636090808
49.658236360703626
49.658236360603
49.658236360553474
49.6582363605291
49.65823636051711
49.6582363605112
49.6582363605083
49.65823636050686
49.658236360506166
49.65823636050582
49.65823636050564
49.65823636050556
49.65823636050552
49.6582363605055
49.658236360505484
49.658236360505484
49.658236360505484
49.658236360505484
49.658236360505484
49.658236360505484
49.658236360505484
49.658236360505484
49.658236360505484
49.658236360505484
49.658236360505484
49.658236360505484
49.658236360505484
49.658236360505484
49.658236360505484
49.658236360505484
49.658236360505484
49.658236360505484
49.658236360505484