Model: XGB
MSE: 359.561161294847
MAE: 12.064383139977089
Predictions:
124.99724
152.98335
152.98335
152.98335
152.98335
152.98335
152.98335
152.98335
152.98335
152.98335
152.98335
152.98335
152.98335
152.98335
152.98335
152.98335
111.619446
111.619446
111.619446
111.619446
111.619446
111.619446
111.619446
111.619446
111.619446
116.64248
116.64248
116.64248
116.64248
60.026176
60.026176
60.026176
60.026176
60.026176
60.026176
60.026176
60.026176
60.026176
60.026176
60.026176
72.47902
72.47902
72.47902
72.47902
72.47902
72.47902
72.47902
72.47902
72.47902
72.47902
72.47902
72.47902