Model: TRANSFORMER
MSE: 39.73034759080622
MAE: 5.082049567918271
Predictions:
43.404602
43.404602
43.404602
43.404602
43.404602
43.280346
43.280346
43.280346
43.280346
43.280346
43.280346
43.280346
43.280346
43.280346
43.280346
43.280346
43.280346
43.280346
43.280346
43.280346
43.280346
43.280346
43.280346
43.280346
43.280346
43.280346
43.280346
43.280346
35.327503
32.237026
32.237026
32.237026
32.237026
32.237026
32.237026
32.237026
32.237026
32.237026
32.237026
32.237026
32.237026
32.237026
32.237026
32.237026
32.237026
32.237026
32.237026
32.237026
32.237026
32.237026
43.532925
35.327503
21.438055
24.822296
32.237026
32.237026
32.237026
32.237026
30.450647
32.237026
30.450647
30.450647
30.450647
30.450647
32.237026
30.450647
30.450647
30.450647
30.450647
30.450647
35.327503
35.327503
30.450647
35.327503
30.450647
30.450647
30.450647
30.450647
24.822296
30.450647
28.344439
28.344439
24.822294
24.822296
24.822296
21.438055
24.822296
24.822296
24.822296
21.438055
21.438055
28.344439
24.822296
30.450647
30.450647
30.450647
30.450647
30.450647
30.450647
30.450647
30.450647
43.50535
42.066723
35.327503
35.327503
30.450647
30.450647
30.450647
35.327503
32.237026
32.237026
32.237026
35.327503
35.327503
35.327503
32.237026
30.450647
30.450647
30.450647
30.450647
28.344439
28.344439
30.450647
32.237026
32.237026
32.237026
42.066723
42.066723
42.066723
32.237026
35.327503
42.066723
42.066723
43.532925
42.066723
43.50535
43.50535
43.404602
43.404602
43.404602
43.404602
43.404602
43.404602
43.280346
43.404602
43.404602
43.404602
43.404602
43.404602
43.280346
43.404602
43.404602
43.50535
43.50535
43.50535
43.404602
43.404602
43.404602
43.404602
43.404602
43.404602
43.404602
43.50535
43.404602
43.1748
43.50535
43.50535
43.50535
43.226006
43.226006
43.226006
43.404602
43.532925
43.532925
43.532925
43.532925
43.532925
43.404602
43.226006
43.226006
43.226006
43.226006
43.226006
43.226006
43.226006
43.226006
43.226006
43.226006
43.226006
43.226006
43.404602
43.404602
43.404602
43.404602
43.404602
43.404602
43.404602
43.404602
43.404602
43.404602
43.404602
43.404602
43.404602
43.404602
43.404602
43.404602
43.404602