Model: SARIMA
MSE: 0.044801048014279206
MAE: 0.1762314825729078
Predictions:
19.28772504589746
19.8837540411821
19.959027159392367
20.03365191705068
20.334157174408034
20.637619143391458
20.916545506867863
21.291740315271603
21.421964561001282
21.633880969563418
21.851101037930576
22.066261293863754
22.293371131360395
22.505322449980884
22.706094284432307
22.89627630250772
23.0764270696612
23.247075689517146
23.40872335785003
23.561844834598652
23.706889838238272
23.84428436660581
23.97443194805743
24.097714826633165
24.214495084709412
24.32511570643652
24.429901585084792
24.529160477257516
24.623183906773498
24.71224802087386
24.79661440126774
24.87653083239896
24.95223202919007
25.023940326401153
25.091866331628022
25.15620954385769
25.21715893939779
25.27489352690089
25.329582873113676
25.381387600895298
25.430459860967414
25.476943778781568
25.520975877816284
25.562685480547167
25.602195088267575
25.6396207408755
25.67507235768327
25.70865406025106
25.740464478192408
25.77059703884982
25.79914024169132
25.826177918233768
25.851789478256435
25.87605014302786
25.899031166231076
25.920800043236
25.94142070933363
25.9609537275143
25.97945646634146
25.996983268443387