Model: RF
MSE: 3.228540693287073
MAE: 1.0667553857614656
Predictions:
31.176366897950864
35.3762732059607
36.59541170634921
36.59541170634921
36.59541170634921
36.59541170634921
36.59541170634921
36.59541170634921
36.59541170634921
36.59541170634921
36.59541170634921
36.59541170634921
39.83469187062937
43.277989556916545
39.49873381583722
39.17073016342317
39.17073016342317
39.17073016342317
39.17073016342317
35.02979576089695
34.39425740717655
34.39425740717655
34.39425740717655
34.39425740717655
34.39425740717655
34.39425740717655
34.39425740717655
34.39425740717655
34.39425740717655
34.39425740717655
34.39425740717655
34.39425740717655
34.39425740717655
34.39425740717655
34.39425740717655
31.315602119736145
34.68061755952381
36.59541170634921
36.59541170634921
36.59541170634921
35.5759515148652
34.39425740717655
34.39425740717655
34.39425740717655
34.39425740717655
34.39425740717655
34.39425740717655
36.878534226190474
35.5759515148652
34.39425740717655
34.39425740717655
34.39425740717655
34.39425740717655
34.39425740717655
34.39425740717655
34.39425740717655
34.39425740717655
34.39425740717655
34.39425740717655
36.878534226190474
36.59541170634921
36.59541170634921
36.59541170634921
36.59541170634921
36.59541170634921
36.59541170634921
36.59541170634921
36.59541170634921
35.5759515148652
34.39425740717655
34.39425740717655
34.39425740717655
34.39425740717655
34.39425740717655
34.39425740717655
34.39425740717655
27.512373746045625
29.540505252696864
29.540505252696864
29.540505252696864
28.786869408368652
28.895545660107395
28.895545660107395
28.895545660107395
28.895545660107395
28.895545660107395
28.895545660107395
28.895545660107395
28.895545660107395
28.895545660107395
28.895545660107395
28.895545660107395
28.895545660107395
28.895545660107395
28.895545660107395
26.62538507899032
27.133333333333336
25.372669189305867
25.372669189305867
31.26588624092125
31.235962640912973
31.235962640912973
31.235962640912973
31.235962640912973
31.235962640912973
25.09374999999999
25.372669189305867
25.372669189305867