Model: RF
<<<<<<< HEAD
MSE: 29.55008443270441
MAE: 2.9690682322004047
Predictions:
20.407737835775343
24.828100000000003
25.073000000000004
25.063000000000002
25.016000000000002
25.016000000000002
38.285
38.504999999999995
39.58
39.99499999999999
41.21499999999999
41.07499999999999
40.57499999999999
40.90499999999999
40.48
41.02499999999999
40.874999999999986
42.47499999999999
43.09999999999999
43.89999999999998
43.53499999999998
44.19999999999999
44.32499999999998
44.29999999999998
44.39999999999998
43.59999999999999
43.05999999999999
42.80999999999999
42.75999999999999
43.43499999999999
43.43999999999998
43.73999999999998
44.159999999999975
44.10999999999998
44.35999999999997
44.37999999999998
39.05499999999999
37.735
36.595
35.41999999999999
35.26999999999999
34.66499999999999
34.58999999999999
34.66999999999999
34.77999999999999
33.79999999999999
33.62499999999999
32.334999999999994
32.254999999999995
32.57999999999999
32.489999999999995
32.37
32.254999999999995
26.288
26.145
25.68
25.285
25.885
26.675
26.675
26.625
=======
MSE: 29.015832274535875
MAE: 2.970717383081401
Predictions:
20.430995187590195
24.801244444444446
25.053
25.158
25.016000000000002
25.016000000000002
38.199999999999996
38.544999999999995
39.839999999999996
40.185
41.275
41.019999999999996
40.45499999999999
40.66499999999999
40.46499999999999
41.04999999999999
40.82499999999999
42.274999999999984
43.64999999999999
44.32499999999999
42.634999999999984
43.509999999999984
43.374999999999986
43.27499999999999
43.19999999999999
42.74999999999999
42.224999999999994
42.32499999999999
42.44999999999999
43.19999999999998
42.98999999999998
43.06999999999998
43.23999999999998
43.28999999999998
43.51499999999997
43.84999999999998
38.75
37.03
36.30499999999999
35.72999999999999
35.609999999999985
34.90499999999999
34.804999999999986
34.60499999999999
34.71999999999999
33.589999999999996
33.279999999999994
32.224999999999994
32.075
32.29
32.15
32.13999999999999
31.715
25.720000000000002
25.905
25.785
25.410000000000004
25.685000000000002
27.425
27.425
27.42
>>>>>>> 468eafcd640fa16da1a94df5071eb1aed20cf7ad
