Model: TRANSFORMER
MSE: 228.08836183106177
MAE: 6.1060638427734375
Predictions:
80.22084
80.22084
80.22084
80.22084
103.49268
103.492676
103.492676
103.492676
103.492676
125.64681
125.64681
125.64681
125.64681
125.64681
125.64681
125.64681
49.915466
49.915466
49.915466
49.915466
49.915466
49.915466
49.915466
49.915466
49.915466
49.915466
49.915466
49.915466
49.915466
49.915466
103.49268
103.49268
103.492676
103.492676
103.492676
103.492676
74.181694
74.181694
74.181694
74.181694
74.181694
74.181694
74.181694
74.181694
63.1325
63.1325
63.1325
63.1325
63.1325
63.1325
63.1325
98.05396