Model: PROPHET
MSE: 344.99740804342974
MAE: 16.320781585030208
Predictions:
60.36997684239602
60.09181684703074
59.342160648169234
58.59680971259882
57.496296027925894
56.229553887911365
55.40192026269011
54.273604245978596
52.8503277423599
50.89718226789212
48.91118244827345
46.55744929658759
44.05251609337844
42.03184744502778
39.787718309691954
37.359165085114746
34.54506708057545
31.875855695243224
29.04880407482651
26.31041226764983
24.32300262914525
22.40169779343961
20.603519510241526
18.73969281704302
17.346678203206736
16.120908293472432
15.300765503195741
15.532933810053159
16.10931167512642
17.056234877114342
18.147099482211203
19.873908298568992
21.88271275995509
24.356476758974324
27.882480369786975
31.69043024135978
35.74300050192926
39.74986532118828
44.140713901160964
48.50218452905918
52.962207035426545
58.05883350128139
62.97968597846359
67.65370815263037
71.7662473149533
75.73292575862153
79.13721064156714
82.11514898081218
85.22433059919368
87.68319702497303
89.46237922195883
90.29909345624426
90.67006444646084
90.22790187040282
89.18442064556102
88.17799780773133
86.51111959911762
84.23984205011311
81.18623860789593
77.90935096803905
74.13961777936683
70.16032058554612
66.67318784921862
63.03435649564954
59.34245665178679
55.44993092370383
51.93313649038721
48.526230203402946
45.502394197383225
43.53955303036706
41.95678360419272
40.80317682031084
39.870247108084584
39.663414684953096
39.83752960220079
40.57995693338571
42.47832986435513
44.759122636667115
47.37874918342284
50.03822799590694
53.15688141841404
56.309982160942546
59.613811991277544
63.59518827227579
67.43156387133455
71.043365778544
74.10957950386732
77.04202195401322
79.42319878893822
81.39120364880955
83.50871684058671
85.0022204527243
85.85311597025739
85.81178101718865
85.37004559538485
84.19702867166822
82.52184341384134
81.00028433876115
78.95167235244583
76.44760457612188
73.3237066351525
70.1499274587699
66.66437417792635
63.15424771062379
60.32103874712089
57.51619947602891
54.82906915515244
52.09817340609375