Model: PROPHET
MSE: 302.3790685168628
MAE: 16.373131969906687
Predictions:
76.01553517871217
77.03923773819938
77.17777427427455
77.53684477274739
77.73661835584304
77.86346676783485
78.42475393780879
78.18875164597023
79.23841936425698
79.35052283244414
79.63262824343478
79.70884178658076
79.67130149669542
80.03466522544622
79.575677233103
80.38656531429797
80.25375774177971
80.29447199050868
80.14205992678254
79.89713068556973
80.0817081885906
79.47851736196147
80.18416057425408
79.98768092360544
80.0070691885351
79.8746013426545
79.68802738127941
79.9648652840333
79.48188851690622
80.32856062462113
80.28590354611896
80.46334480324968
80.48441754192767
80.43832045068481
80.83457733631738
80.4428708857364
81.34679094629261
81.32297185804062
81.47815343513494
81.43503094307988
81.28389469673033
81.53729512658883
80.9698065330755
81.67163123941577
81.42752271908911
81.3535688860813
81.08270983377594
80.71600165164926
80.77687488382459
80.05047486238085
80.63684047512528
80.32941513337985
80.25144614724913
80.04116113177369
79.80274623426759
80.06038626980482
79.59746346910636
80.50967846698035
80.58359168524656
80.93314283326946
81.18503569031458
81.430008519771