Model: SARIMA
MSE: 39.31439786818058
MAE: 5.517496194928693
Predictions:
49.12640416349704
48.702064600279556
47.80353419246179
47.34503765877692
46.36679763708551
46.11023555361632
45.50553020962287
45.47097728005309
45.100727164230236
45.072180195147396
45.122714884430664
44.09998116726701
43.62762710990831
43.449453467010386
42.87014945693506
42.649575384569275
41.99124972637001
41.92292667670713
41.558070600729984
41.659578488361866
41.475339464903236
41.57076145053816
41.72077391443894
40.99168271939457
40.70377837144037
40.657371365411265
40.273120811079025
40.18357610380886
39.72661399000101
39.754115940890806
39.530283395489874
39.68989411210542
39.6073710519015
39.75557995538301
39.940802416962
39.407691698545904
39.22861304647033
39.249407623525
38.986329161085
38.9668841165764
38.63960722365391
38.71156895633773
38.57104530626694
38.74713739223045
38.71851334039986
38.881520842340564
39.06871010430405
38.67014627412694
38.55567204764713
38.60774697154707
38.42151656785435
38.437764954061414
38.19625566742303
38.28476939954993
38.193798599737214
38.365224903815225
38.36368467089323
38.52220369962601
38.69541686679221
38.39188613059596
38.3161052760723