Model: PROPHET
MSE: 1541.7218920767996
MAE: 33.66375337511091
Predictions:
62.147715881305544
62.2935774230435
62.19119050847695
62.17660843529291
61.46444956578118
60.93443740250513
60.6856456696717
59.94354507691168
59.49290125512438
58.73931095884386
58.02279276786756
56.56404381819211
55.25105023946601
54.193341017639625
52.628977171979756
51.35732267520174
49.8003830553742
48.316128789791264
46.14441800774642
44.19321128962565
42.59237547043544
40.60017749664911
39.03552572595721
37.338757142170586
35.88440141984249
33.926551138935054
32.38454630957358
31.3962856736008
30.224281153445368
29.687527489507843
29.221999088706806
29.19321705122124
28.841525799237928
29.067795330051627
29.98686685668142
30.833860692588168
32.396417919122705
34.07568426396779
36.19947244682078
37.9682326479536
40.2415344374905
43.092362551748934
45.71432760591262
48.85484349889126
51.8770585785378
55.07395438094834
57.615218610637996
60.334572731369256
63.28483418945501
65.64579318192003
68.15793630475616
70.1847870263245
72.02726246841223
72.87064206080521
73.57182093447884
74.21412445148113
74.01476423430225
73.75797264930421
72.85659447024486
71.66554803438542
69.42776811958832
67.0603235859786
64.70800946332491
61.64951973726063
58.72926571555807
55.41764802881542
52.12322462967248
48.137417081663095
44.41947753344893
41.149043981747965
37.63141587357249
34.72863794712739
31.91922000871117
29.60995075335055
27.080459330488832
25.268253790241097
24.321565856724845
23.505130914663805
23.631982946467858
24.124079087188175
25.325194258119
26.446717680164916
28.354054719803106
31.12093461538453
33.93672150435264
37.53977517189878
41.27964178777534
45.43148040522014
49.14332286068289
53.2238376921474
57.697867892204634
61.714812017127215
65.98287067093528
69.83191831114291
73.5283903998901
76.22277273972583
78.73735802600376
81.12153919933324
82.55971425139862
83.80483488321227
84.24037434898315
84.19412454116546
82.88443336122597
81.20657521647496
79.28655498211366
76.38745306070311
73.34137836542952
69.6098396286007
65.59597998175343
60.58931975397849
55.5507324593343
50.66498393492961
45.24596870429535
40.16773306426579
34.92411370009641
29.94045052081169
24.518027472220275
19.61897002015569
15.418927866025186
11.212670540928684
7.845674129606159
4.77451219018689
2.3794897583925447
-0.08984914996865001
-1.7286381307949412
-2.422729076384904
-2.94175943484138
-2.506198749329535
-1.7255924497818427
-0.28459439093246175
1.0038132597243887
2.9855882055908367
5.720659926439147
8.390801637933372
11.73337202159506
15.103695127989404
18.789477530909696
21.957859031195706
25.442771590348148
29.299885674907824
32.71422796046013
36.43351152890213
39.82996180659324
43.21405514309881
45.780786613728345
48.39616390808914
51.15122996665969
53.26872247601194
55.535435579504934
57.36309072915272
59.10115613407105
59.98225228870946
60.90785920849183
62.001644255566575
62.51553200682801
63.26159173131957
63.6725563186658
64.11441566185664
63.83172217261868
63.73332100272121
63.9458177347251
63.71989607068757
63.86254968355337
63.7980285750514
63.88092777558758
63.34203968586407
63.07466552064092
63.1886812536024
62.91745344953883
63.05065268327644
62.9957495219411
63.09160701682968
62.554778920186436
62.266199075758905
62.32554964643138
61.9583982394298
61.9491487762956
61.70259069897793
61.557462465149335
60.73264280796537
60.11366152537363
59.806825585736554
59.04606025016464
58.62552089028108
57.96077176796122
57.40195988823102
56.179609678691996
55.19074230325652
54.552626867938116
53.50927380744857
52.86373556244823
52.03901885467967
51.39104313503329
50.15427571080641
49.227750320391074
48.72877755434336
47.899456760660925
47.5390521786257
47.065033653756615
46.826211132983474
46.04858685214953
45.62162440566262
45.652234788041376
45.3715802735891
45.567749916969184
45.6470981457863
45.947667101219665
45.68530867535025
45.740198265740524
46.21103414804449
46.32201827324577
46.85566845422869