Model: LSTM
MSE: 217.4652084475884
MAE: 7.874155558072603
Predictions:
81.68976
81.68976
81.68976
81.68976
96.0891
98.840866
100.11557
99.88677
99.0075
117.30538
120.77088
121.73759
120.92361
119.61774
119.61774
119.61774
58.423035
53.360638
52.18437
52.923016
54.694206
54.694206
54.694206
54.694206
54.694206
54.694206
54.694206
54.694206
54.694206
54.694206
90.68352
96.462685
99.4333
99.834946
99.0075
99.0075
80.25842
77.32645
76.12387
76.06236
77.25562
77.25562
77.25562
77.25562
69.93825
68.78404
68.21927
68.070496
68.11731
68.11731
68.11732
89.812775