Model: PROPHET
MSE: 755.5583600691637
MAE: 23.073568792269008
Predictions:
61.40069721412903
63.181056489423824
65.47388207166368
66.252727655031
70.17850479232307
71.97167070023411
79.08856304109368
78.36759114051286
81.38578641557207
84.65875833027576
86.11986154070512
90.39589191904503
92.18046165377135
98.9113430416991
97.4174569995842
99.27598138048378
101.01260435843736
100.5807148287945
102.63684162938264
101.91349399110595
105.8957031679102
101.46695951954544
100.26504584302995
98.88082472244471
95.33581027081327
94.35587936100987
90.74232170421077
92.04657801269241
85.21441074057887
81.9400579150424
78.86347560346964
74.04654383738774
72.2456309040334
68.2817493686952
69.71468024052417
63.48682929694439
61.27737733339491
59.69983249483979
56.77885334536241
57.22372276911559
55.79968296397557
60.003477164148194
56.70882448923062
57.52234625868589
58.98300389429557
59.040865766911224
62.33252995276427