Model: TRANSFORMER
MSE: 2.4069697741797427
MAE: 1.5514411926269531
Predictions:
29.676441
29.676441
29.676441
29.676441
29.676441
29.676441
29.676441
29.676441
29.676441
29.676441
29.676441
29.676441
29.676441
29.676441
29.676441
29.676441
29.676441
29.676441
29.676441
29.676441
29.676441
29.676441
29.676441
29.676441
29.676441
29.676441
29.676441
29.676441
29.676441
29.676441
29.676441
29.676441
29.676441
29.676441
29.676441
29.676441
29.676441
29.676441
29.676441
29.676441
29.676441
29.676441
29.676441
29.676441
29.676441
29.676441
29.676441
29.676441
29.676441
29.676441
29.676441
29.676441
29.676441
29.676441
29.676441
29.676441