Model: XGB
MSE: 2.9685339558475894
MAE: 0.3125515765831119
Predictions:
14.688016
28.218811
28.218811
28.218811
28.218811
28.218811
28.218811
28.218811
28.218811
28.218811
28.218811
28.218811
28.218811
28.218811
28.218811
28.218811
28.218811
28.218811
28.218811
28.218811
28.218811
28.218811
28.218811
28.218811
28.218811
28.218811
28.218811
28.218811
28.218811
28.218811
28.218811
28.218811
28.218811
28.218811
28.218811
28.218811
28.218811
28.218811
28.218811
28.218811
28.218811
28.218811
28.218811
28.218811
28.218811
28.218811
28.218811
28.218811
28.218811
28.218811
28.218811
28.218811
28.218811
28.218811
28.218811
28.218811
28.218811
28.218811
28.218811
28.218811
28.218811