Model: SARIMA
MSE: 3056.219013738637
MAE: 53.091298609053894
Predictions:
215.9610759312721
208.78464452492142
202.32716023636206
196.51659771916306
191.2881472487384
186.58349184906433
182.35015683807313
178.5409245366966
175.11330761335444
172.02907518968837
169.2538264218308
166.75660680102808
164.50956289392047
162.48763167152913
160.6682609617937
159.03115790765108
157.55806262501196
156.23254453606663
155.03981910626723
153.96658294091083
153.00086540202798
152.1318950905437
151.34997970448305
150.64639793318636
150.01330218174581
149.44363104067378
148.93103052450874
148.4697832008718
148.05474441949508
147.68128492993438
147.3452392479374
147.04285919455694
146.77077208979478
146.52594313447773
146.3056415607812
146.10741017385104
145.92903794479744
145.76853534936964
145.6241121772439
145.4941575644149
145.37722202597638
145.2720012888879
145.17732174440312
145.09212735789825
145.0154678900962
144.94648829830874
144.8844191994799
144.8285682886585
144.77831261718202
144.73309164444575
144.69240098575716
144.65578678654109