Model: PROPHET
MSE: 13.936897088607186
MAE: 3.1055337883850007
Predictions:
10.83457603584816
11.212425244232973
11.360615295762639
11.568046217794784
11.565424354152524
11.287433502281232
11.293369476605248
11.016434003742237
11.125653346896865
10.984876037209968
10.88929523622847
10.57663294809272
9.989140628101707
9.69404120960438
9.13261352523433
8.98189021223558
8.61342963609553
8.329613802366314
7.874616024227925
7.196199352719855
6.86597697060599
6.328341236806787
6.262037537818967
6.038847743238658
5.959838556003543
5.7663207908558265
5.401681715769561
5.431721595778324
5.293699858013959
5.658064577513542
5.887326487743277
6.272528163300227
6.5444488330240524
6.635700596998994
7.101340210635724
7.368194453880628
8.096865165151115
8.640867518453502
9.283344776709177
9.74849298887545
9.963845040501345
10.481032671043849
10.725219906032091
11.357170533157717
11.732400978759616
12.137860899289375
12.303275379208728
12.163299911918122
12.278109849897167
12.082622076182242
12.248316951278191
12.142118295191604
12.062780928906625
11.751927487188873
11.155893896205608
10.84601358811457
10.267546526623303
10.101229122152551
9.721910297414075
9.434729992733795