Model: LSTM
MSE: 369.767739474213
MAE: 7.537543502508425
Predictions:
85.286575
85.286575
85.286575
85.286575
85.286575
85.286575
85.286575
85.286575
85.286575
85.286575
85.286575
85.286575
85.286575
85.286575
80.17699
64.976006
64.976006
64.976006
64.976006
64.976006
64.976006
64.976006
64.976006
69.92134
69.92134
64.976006
64.976006
64.976006
64.976006
64.976006
60.591507
56.753887
56.753887
56.753887
132.59134
132.59134
132.59134
125.861824
125.861824
125.861824
125.861824
125.861824
125.861824
110.726685
110.726685
56.753887
132.59134
132.59134
132.59134
125.861824
132.59134