Model: RF
MSE: 728.161866942149
MAE: 19.088181818181823
Predictions:
21.280000000000012
44.425
49.750000000000014
49.77500000000002
49.82500000000002
49.375000000000014
47.57499999999999
47.4
46.20000000000001
46.20000000000001
46.27500000000001
46.50000000000001
47.52499999999999
47.699999999999996
47.74999999999999
48.175
47.925
47.849999999999994
47.77499999999999
47.74999999999999
47.74999999999999
47.77499999999999
47.849999999999994
47.675
47.724999999999994
47.775
48.175
48.175
48.474999999999994
48.474999999999994
48.55
48.425
48.45
48.425
48.425
48.425
48.5
48.575
48.675
45.325
50.02500000000002
49.92500000000002
50.02500000000002
50.02500000000002
50.00000000000002
48.90000000000002
48.80000000000001
48.80000000000001
48.80000000000001
49.90000000000002
49.90000000000002
49.60000000000002
49.500000000000014
49.500000000000014
49.500000000000014
49.500000000000014
49.500000000000014
49.500000000000014
49.500000000000014
49.30000000000002
45.17499999999999
49.57500000000002
49.250000000000014
50.725
51.3
50.599999999999994
50.175
50.02499999999999
50.02499999999999
50.02499999999999
50.02499999999999
50.02499999999999
49.97499999999999
49.97499999999999
49.97499999999999
49.97499999999999
49.82499999999999
49.724999999999994
49.099999999999994
49.14999999999999
49.099999999999994
49.099999999999994
49.099999999999994
49.099999999999994
49.099999999999994
49.099999999999994
49.099999999999994
49.12499999999999
49.04999999999999
48.974999999999994
48.974999999999994
48.974999999999994
48.89999999999999
48.89999999999999
48.89999999999999
48.89999999999999
48.89999999999999
48.89999999999999
48.89999999999999
48.89999999999999
48.89999999999999
48.89999999999999
48.89999999999999
48.89999999999999
48.89999999999999
48.89999999999999
48.89999999999999
48.89999999999999
48.89999999999999
48.89999999999999
48.89999999999999
48.89999999999999
48.89999999999999
48.89999999999999
48.89999999999999
48.89999999999999
48.89999999999999
48.89999999999999
48.89999999999999
48.89999999999999
48.89999999999999