Model: PROPHET
MSE: 87.98294385898448
MAE: 7.490486513324865
Predictions:
20.588682202739378
20.084995959924072
19.788703240823313
19.13789592910529
18.58507855512401
17.80527356407996
16.82924466347117
15.86513171207499
14.678659254834356
13.733439164979231
12.487415336350425
11.412818329567532
10.203697141986932
8.908565915597935
7.751476106729504
6.511693312025045
5.663515817196933
4.6722984240238254
4.014063592585989
3.3827792728814448
2.822851114741132
2.5501467879732136
2.3317358851852905
2.625883640296683
2.8783599812768426
3.5424407145416428
4.286671867474924
5.127933609548522
6.2531075699898455
7.399514821094002
8.995644695551295
10.458216518022557
12.212930770973463
13.902960169940638
15.522696824566902
17.24003994578123
18.777373458165567
20.552737749628726
21.977224152596147
23.47593805171344
24.696573664265976
25.643112683129853
26.49793085030503
27.002465072636106
27.59795215733871
27.722278045230503
27.830296905410762
27.601679445344278
27.07382134428408
26.463116505391376
25.54476971654003
24.792682525715307
23.675474060480727
22.676018495909602
21.49857973028985
20.20109364999522
19.01591986943362
17.729251953186612
16.820731154623424
15.759333112756686
15.022913177072141