Model: XGB
MSE: 920.6410122235565
MAE: 22.021632438848826
Predictions:
17.444128
39.466496
40.04609
40.09824
39.309113
39.833828
42.909637
43.323025
44.18155
44.64588
45.18379
45.225086
45.070885
45.414406
45.415016
45.421326
48.30962
48.28495
48.314167
47.99278
47.98185
48.08782
48.19908
48.25898
48.29734
48.20799
48.250717
47.989994
47.71606
47.73063
47.73063
47.813843
47.813843
47.813843
47.813843
47.794792
47.794792
48.022526
48.070107
45.79127
49.320957
49.32723
49.248592
49.223785
48.90551
48.540375
48.828312
47.404453
45.68726
49.201702
49.201702
49.154892
49.154892
49.154892
49.154892
49.154892
49.154892
49.154892
49.154892
49.285423
45.141197
49.23862
49.23862
44.754017
45.45283
45.089977
44.09207
43.575516
43.575516
43.575516
43.575516
43.608818
43.575516
43.575516
43.575516
43.575516
43.76496
43.659134
43.659134
43.81316
43.89689
44.04238
44.514355
44.51642
44.609795
44.609795
44.609795
44.609795
44.609795
44.609795
44.609795
44.609795
44.587532
44.659206
44.659206
44.659206
43.502777
44.659206
44.659206
44.65127
44.659206
43.17689
43.234432
44.657146
44.659206
44.659206
44.659206
44.659206
44.90622
44.90622
44.90622
44.90622
44.90622
44.90622
44.90622
44.90622
44.90622
44.90622
44.90622
44.90622
44.90622