Model: SARIMA
MSE: 6280.443113796426
MAE: 67.70298392989605
Predictions:
174.3020276705828
164.57372945696278
164.34033657018148
164.2053743168142
164.12733076507968
164.0822011394594
164.05610438882005
164.04101362782717
164.0322872131677
164.02724105858044
164.02432305879339
164.02263569020207
164.1301328441108
165.64145758855082
165.6774032414286
165.69818924899744
165.7102090087197
165.71715957983358
165.7211788314597
165.72350301221684
165.7248469977879
165.72562417366356
165.72607358499263
165.72633346251718
165.70962580938334
165.47474784331916
165.4691610209884
165.46593037355385
165.46406221268734
165.46298192612133
165.46235723737763
165.46199600357284
165.46178711576584
165.4616663238706
165.46159647449946
165.46155608325765
165.4641526420314
165.50065536734698
165.50152362289575
165.50202570214492
165.50231603552987
165.50248392431345
165.50258100802864
165.50263714785856
165.50266961139272
165.50268838382308
165.50269923920752
165.50270551646454
165.50230198148526
165.49662903983642
165.49649410297752
165.49641607411044