Model: RF
MSE: 314.01885864844127
MAE: 14.048857649442748
Predictions:
123.28369047619051
151.52
178.85000000000002
183.15
189.15000000000003
194.20000000000002
198.05
201.74999999999997
201.74999999999997
201.74999999999997
201.74999999999997
201.74999999999997
201.74999999999997
201.74999999999997
185.4
165.99999999999997
160.1
163.64999999999998
156.45
156.6
152.85
148.0
148.5
148.5
148.5
144.0
134.1
133.65
132.15
133.95
135.6
134.29999999999998
134.29999999999998
134.29999999999998
134.29999999999998
134.29999999999998
134.29999999999998
134.29999999999998
134.29999999999998
134.29999999999998
134.29999999999998
134.29999999999998
141.3
144.3
146.55
145.65
137.15