Model: PROPHET
MSE: 95.98672928126524
MAE: 8.29730061476637
Predictions:
35.44471238646309
35.72686399144126
36.28637979730316
36.81490891225753
36.910000030159324
36.99187151035679
36.684915150173374
36.43205185855087
36.43270352549129
36.66708939262092
36.83343094859467
36.537337185381475
36.208406420835054
35.48151556899296
34.81092001577409
34.40793472951201
34.2649124712812
34.09211171227752
33.506735466125605
32.94918713765138
32.06402440550191
31.31374437519439
30.916180353231603
30.868235175274684
30.88255182960697
30.57640952494237
30.387896825083185
29.956846778936395
29.738669438246653
29.941862417862406
30.55192284054426
31.26825793232727
31.69337712431524
32.24941029246317
32.55942854637782
33.061693133686305
33.947602239951365
35.18604739555688
36.46076468858545
37.35995147258827
38.29318127763637
38.873081997840146
39.52989249864991
40.44965822256126
41.59876980152961
42.661423907218456
43.229272985693015
43.718294606301235
43.750345663626
43.76751890692944
43.970066831889504
44.34060342357066
44.58117132748458
44.3024510931323
43.94015460715435
43.136080428535166
42.351961722751184
41.80688543980238
41.50100684776831
41.152160255441885
40.38465508749852