Model: PROPHET
MSE: 236.99425008937064
MAE: 11.588769612153738
Predictions:
67.14208338684733
68.00998550589219
69.32096197211845
70.00376184533532
71.20581543821069
72.21148323477371
72.82525841870881
73.52843022087306
74.61572152315848
76.03064934902127
76.69286960028312
77.74358562799452
78.46406075382559
78.65900738208435
78.81335299648914
79.22889173186732
79.85956774193481
79.6386517578114
79.72389294504143
79.41569115206045
78.54006952689605
77.60495732989713
76.93630313720364
76.51277784793821
75.29234343528375
74.4567850727296
73.32926782334553
71.75671410680656
70.26552771629285
69.19719979616082
68.54257026167528
67.26803312840492
66.55979401324507
65.74124942045393
64.65528999675243
63.82005685223935
63.56468692046725
63.86381859433817
63.66414108448718
64.12908807083576
64.55673507788177
64.76269033052544
65.23649382565011
66.27804466067168
67.83281076258635
68.81908665298809
70.37338175622419
71.76898084111677
72.79944920869723
73.93558136972797
75.46229884344433
77.31423878197042
78.40328892568806
79.86414385416931
80.972919378654
81.53059587950455
82.01979051800679
82.74136811428704
83.6496394311609
83.67941210367856
83.99098136371049
83.8881117262405
83.20079652541924
82.44131265880253
81.94009864867228
81.68022348535281
80.62373013341323
79.95595891731062
79.00291897140283
77.61351016453766
76.31512647592952
75.44918028908047
75.00532386944954
73.94765792214154
73.45903552233008
72.85852966462683
71.98386389277614
71.3473311124686
71.27173141749857
71.7250940317449
71.64745987580018
72.19581780034977
72.66224602816557
72.857040555104
73.2653373676053
74.18374101201923
75.55570675809837
76.29893591065337
77.55086170647064
78.58726348931619
79.20577917786639
79.88281356106869